# Migration is number of nodes that have changed color.

Round		Edge-Cut		Swaps		Migrations		Skipped
0		9972		4519		3434
1		9615		8882		3380
2		9199		13063		3441
3		9045		17153		3388
4		8993		21225		3422
5		8726		25213		3453
6		8535		29048		3497
7		8334		32860		3489
8		8228		36621		3438
9		8075		40302		3421
10		8000		43924		3455
11		7870		47520		3485
12		7858		51124		3461
13		7746		54575		3517
14		7630		58081		3512
15		7544		61470		3476
16		7441		64854		3501
17		7434		68198		3520
18		7332		71594		3463
19		7245		74933		3483
20		7226		78248		3473
21		7043		81503		3523
22		6909		84608		3485
23		6772		87700		3533
24		6777		90743		3533
25		6772		93813		3501
26		6687		96926		3499
27		6585		99943		3541
28		6451		102876		3503
29		6330		105819		3548
30		6251		108728		3523
31		6216		111579		3539
32		6079		114401		3488
33		5961		117170		3480
34		5896		119906		3514
35		5806		122559		3515
36		5832		125203		3490
37		5735		127874		3470
38		5721		130568		3501
39		5708		133267		3537
40		5595		135901		3479
41		5586		138509		3526
42		5486		141050		3530
43		5519		143627		3505
44		5450		146120		3527
45		5384		148661		3516
46		5343		151128		3524
47		5304		153689		3507
48		5208		156199		3490
49		5175		158650		3501
50		5090		161053		3508
51		4943		163443		3502
52		4786		165648		3483
53		4763		167825		3494
54		4695		170035		3484
55		4642		172188		3492
56		4656		174258		3453
57		4610		176469		3466
58		4556		178560		3498
59		4460		180710		3494
60		4483		182818		3488
61		4366		184965		3489
62		4346		186985		3494
63		4321		188974		3511
64		4176		190965		3490
65		4208		192945		3472
66		4221		194944		3503
67		4212		196914		3460
68		4127		198892		3472
69		4242		200817		3498
70		4240		202908		3489
71		4210		204938		3504
72		4139		206960		3485
73		4087		209035		3489
74		4011		210934		3542
75		4043		212951		3444
76		3987		214872		3487
77		3951		216831		3514
78		3987		218766		3528
79		4006		220741		3511
80		3918		222689		3512
81		3878		224557		3505
82		3793		226357		3495
83		3765		228221		3531
84		3779		230044		3510
85		3730		231808		3532
86		3669		233456		3536
87		3698		235269		3520
88		3620		237098		3491
89		3573		238918		3539
90		3556		240690		3530
91		3559		242413		3550
92		3489		244085		3543
93		3616		245868		3521
94		3565		247595		3522
95		3512		249372		3501
96		3476		251084		3528
97		3463		252820		3512
98		3479		254537		3521
99		3383		256257		3522
100		3429		258010		3544
101		3387		259728		3520
102		3383		261396		3540
103		3364		263060		3508
104		3321		264742		3517
105		3301		266389		3507
106		3265		268057		3527
107		3215		269601		3553
108		3199		271194		3561
109		3243		272849		3550
110		3239		274460		3533
111		3327		276033		3528
112		3267		277777		3517
113		3224		279441		3512
114		3212		281108		3506
115		3173		282776		3517
116		3182		284361		3515
117		3161		285973		3541
118		3217		287583		3541
119		3184		289158		3548
120		3109		290787		3569
121		3101		292435		3532
122		3073		294035		3547
123		3046		295686		3519
124		2997		297295		3561
125		2984		298830		3575
126		3019		300419		3554
127		2933		302030		3548
128		2908		303562		3542
129		2901		305005		3508
130		2834		306506		3521
131		2831		307941		3529
132		2791		309473		3532
133		2759		310903		3500
134		2712		312297		3512
135		2682		313691		3531
136		2737		315046		3540
137		2736		316436		3522
138		2709		317828		3524
139		2665		319323		3518
140		2606		320666		3514
141		2642		322066		3514
142		2634		323456		3535
143		2610		324942		3537
144		2571		326268		3517
145		2494		327531		3510
146		2513		328736		3531
147		2462		330037		3539
148		2416		331228		3554
149		2415		332424		3538
150		2377		333683		3529
151		2359		334827		3531
152		2327		336011		3529
153		2321		337115		3537
154		2316		338239		3526
155		2298		339438		3546
156		2312		340563		3517
157		2339		341828		3510
158		2347		342996		3511
159		2320		344193		3515
160		2349		345362		3517
161		2347		346674		3536
162		2361		347839		3523
163		2393		349102		3510
164		2358		350422		3500
165		2342		351614		3517
166		2359		352853		3509
167		2395		354117		3488
168		2388		355383		3511
169		2405		356699		3514
170		2373		358057		3503
171		2383		359341		3490
172		2346		360606		3507
173		2359		361831		3504
174		2292		363243		3520
175		2319		364486		3503
176		2317		365732		3512
177		2330		366906		3504
178		2331		368130		3526
179		2365		369329		3518
180		2378		370655		3527
181		2377		371939		3529
182		2364		373185		3511
183		2405		374373		3541
184		2378		375689		3512
185		2367		376830		3531
186		2331		378084		3534
187		2363		379255		3534
188		2390		380434		3502
189		2361		381645		3535
190		2358		382916		3524
191		2354		384135		3529
192		2340		385389		3536
193		2357		386624		3515
194		2315		387890		3521
195		2333		389166		3494
196		2344		390510		3529
197		2359		391791		3511
198		2395		393054		3536
199		2362		394306		3519
200		2345		395600		3523
201		2352		396856		3522
202		2359		398110		3534
203		2342		399317		3513
204		2338		400567		3508
205		2318		401846		3524
206		2291		403051		3516
207		2309		404250		3519
208		2320		405585		3513
209		2335		406900		3531
210		2331		408183		3538
211		2327		409490		3548
212		2319		410738		3534
213		2348		411971		3522
214		2362		413300		3531
215		2370		414553		3517
216		2326		415891		3535
217		2291		417149		3537
218		2300		418289		3546
219		2265		419446		3500
220		2293		420673		3545
221		2286		421902		3547
222		2291		423203		3546
223		2313		424412		3546
224		2266		425721		3549
225		2251		426921		3550
226		2270		428067		3543
227		2225		429389		3549
228		2236		430746		3529
229		2238		432045		3532
230		2218		433253		3533
231		2262		434433		3534
232		2190		435683		3531
233		2191		436837		3535
234		2221		438142		3539
235		2259		439301		3527
236		2328		440607		3508
237		2333		441886		3529
238		2252		443179		3540
239		2209		444396		3546
240		2177		445694		3534
241		2203		446876		3539
242		2132		448060		3521
243		2153		449271		3540
244		2155		450447		3542
245		2134		451651		3535
246		2143		452924		3522
247		2161		454109		3500
248		2165		455362		3531
249		2193		456579		3531
250		2174		457820		3516
251		2172		459037		3526
252		2170		460208		3514
253		2167		461390		3516
254		2196		462666		3503
255		2171		463834		3552
256		2145		464955		3533
257		2130		466080		3538
258		2160		467287		3562
259		2170		468571		3536
260		2118		469714		3535
261		2163		470860		3523
262		2113		472009		3544
263		2148		473152		3534
264		2113		474304		3563
265		2161		475572		3525
266		2141		476827		3552
267		2134		477973		3544
268		2120		479113		3553
269		2053		480250		3532
270		2054		481399		3546
271		2015		482465		3531
272		1993		483585		3559
273		2015		484590		3517
274		2022		485750		3513
275		1969		486765		3546
276		1982		487809		3515
277		1969		488808		3535
278		1939		489859		3545
279		1912		490802		3537
280		1897		491794		3530
281		1883		492802		3532
282		1917		493760		3538
283		1903		494801		3531
284		1895		495832		3528
285		1913		496851		3517
286		1899		497856		3529
287		1840		498906		3502
288		1919		500009		3503
289		1911		501101		3520
290		1892		502135		3524
291		1853		503071		3508
292		1881		504222		3504
293		1900		505260		3520
294		1889		506363		3502
295		1898		507445		3494
296		1921		508562		3517
297		1869		509682		3495
298		1807		510720		3510
299		1801		511706		3488
300		1794		512777		3516
301		1769		513666		3518
302		1768		514600		3519
303		1772		515563		3533
304		1785		516514		3521
305		1765		517361		3524
306		1770		518228		3509
307		1814		519169		3507
308		1849		520191		3504
309		1849		521191		3528
310		1815		522246		3526
311		1816		523272		3526
312		1822		524346		3525
313		1825		525328		3532
314		1805		526280		3522
315		1760		527240		3517
316		1789		528147		3525
317		1761		529085		3511
318		1777		530018		3513
319		1732		530997		3493
320		1737		531961		3507
321		1722		532899		3497
322		1768		533892		3513
323		1807		534822		3513
324		1852		535933		3523
325		1860		536981		3509
326		1887		538138		3522
327		1883		539243		3515
328		1887		540390		3523
329		1846		541475		3529
330		1794		542461		3519
331		1815		543452		3510
332		1842		544507		3528
333		1860		545646		3532
334		1848		546692		3532
335		1843		547623		3510
336		1823		548539		3528
337		1836		549539		3534
338		1868		550551		3520
339		1852		551570		3553
340		1876		552604		3515
341		1880		553657		3523
342		1864		554700		3528
343		1887		555767		3524
344		1878		556812		3535
345		1882		557867		3538
346		1878		558966		3519
347		1854		559999		3524
348		1822		561085		3547
349		1842		562073		3543
350		1807		563064		3527
351		1780		564019		3539
352		1752		564997		3521
353		1735		566048		3534
354		1716		567070		3524
355		1724		567957		3540
356		1739		568910		3542
357		1789		570022		3536
358		1785		571102		3531
359		1793		572092		3523
360		1810		573126		3547
361		1825		574188		3544
362		1797		575278		3535
363		1766		576354		3544
364		1810		577426		3548
365		1829		578442		3552
366		1825		579454		3546
367		1791		580458		3536
368		1809		581445		3540
369		1814		582406		3544
370		1825		583454		3549
371		1805		584423		3553
372		1828		585478		3535
373		1805		586497		3538
374		1785		587505		3537
375		1767		588439		3518
376		1777		589419		3555
377		1764		590375		3547
378		1788		591451		3541
379		1761		592417		3521
380		1750		593377		3530
381		1738		594322		3558
382		1788		595265		3555
383		1755		596288		3542
384		1735		597322		3546
385		1680		598259		3550
386		1676		599179		3537
387		1660		600046		3538
388		1669		600964		3540
389		1692		601856		3520
390		1711		602636		3531
391		1726		603546		3534
392		1772		604484		3544
393		1750		605474		3538
394		1747		606434		3529
395		1710		607340		3528
396		1702		608200		3532
397		1680		609050		3523
398		1670		610075		3530
399		1675		610931		3508
400		1666		611861		3545
401		1686		612705		3518
402		1672		613567		3513
403		1699		614481		3538
404		1713		615437		3511
405		1685		616413		3529
406		1684		617341		3522
407		1697		618342		3517
408		1699		619192		3542
409		1698		620107		3511
410		1690		620963		3515
411		1702		621814		3519
412		1653		622702		3538
413		1663		623537		3524
414		1709		624451		3537
415		1732		625402		3524
416		1740		626260		3538
417		1701		627191		3517
418		1672		628166		3510
419		1638		629096		3542
420		1651		629895		3537
421		1661		630777		3527
422		1679		631694		3521
423		1679		632487		3536
424		1697		633344		3553
425		1712		634310		3525
426		1705		635204		3543
427		1699		636110		3549
428		1717		637031		3550
429		1720		637917		3529
430		1709		638896		3538
431		1700		639806		3548
432		1708		640681		3545
433		1677		641683		3559
434		1600		642540		3537
435		1628		643379		3533
436		1624		644174		3542
437		1684		645103		3531
438		1693		646080		3528
439		1651		647027		3522
440		1667		647989		3521
441		1587		648852		3490
442		1624		649678		3519
443		1591		650562		3495
444		1548		651367		3517
445		1566		652139		3531
446		1563		653003		3518
447		1579		653841		3516
448		1589		654694		3526
449		1565		655554		3533
450		1552		656350		3528
451		1587		657212		3540
452		1536		658080		3516
453		1527		658837		3526
454		1591		659748		3521
455		1597		660707		3523
456		1592		661586		3528
457		1577		662446		3493
458		1563		663344		3532
459		1564		664200		3516
460		1500		665047		3513
461		1521		665779		3533
462		1549		666565		3527
463		1571		667443		3511
464		1580		668313		3552
465		1603		669126		3512
466		1601		669989		3522
467		1597		670889		3511
468		1628		671753		3513
469		1647		672737		3529
470		1645		673606		3528
471		1688		674486		3509
472		1676		675339		3514
473		1655		676265		3515
474		1662		677159		3498
475		1651		678072		3506
476		1676		679019		3511
477		1685		679934		3530
478		1683		680961		3551
479		1674		681857		3523
480		1675		682748		3540
481		1750		683735		3550
482		1705		684576		3519
483		1653		685462		3517
484		1638		686364		3515
485		1647		687207		3508
486		1665		688148		3516
487		1622		689102		3524
488		1672		690086		3533
489		1673		691022		3527
490		1641		691887		3525
491		1698		692803		3538
492		1694		693678		3505
493		1722		694649		3526
494		1704		695609		3529
495		1727		696584		3523
496		1730		697512		3504
497		1744		698492		3504
498		1739		699454		3508
499		1726		700368		3497
500		1718		701318		3496
501		1707		702238		3505
502		1715		703193		3511
503		1727		704158		3501
504		1711		705127		3490
505		1694		706060		3507
506		1660		706900		3515
507		1672		707811		3518
508		1683		708780		3516
509		1715		709688		3511
510		1745		710572		3528
511		1749		711513		3548
512		1768		712514		3517
513		1755		713457		3535
514		1773		714386		3516
515		1776		715335		3523
516		1732		716311		3503
517		1684		717252		3535
518		1683		718145		3538
519		1642		718995		3538
520		1659		719945		3526
521		1670		720789		3495
522		1654		721682		3516
523		1700		722632		3546
524		1684		723537		3550
525		1698		724410		3535
526		1712		725435		3507
527		1709		726288		3533
528		1713		727196		3534
529		1679		728167		3536
530		1647		729082		3532
531		1666		730037		3518
532		1644		730949		3526
533		1658		731890		3545
534		1685		732880		3520
535		1665		733752		3526
536		1668		734629		3530
537		1692		735558		3535
538		1680		736408		3540
539		1684		737326		3528
540		1659		738230		3531
541		1685		739097		3505
542		1651		739964		3529
543		1714		740835		3504
544		1698		741769		3526
545		1698		742705		3530
546		1674		743667		3531
547		1640		744622		3538
548		1614		745508		3535
549		1634		746305		3534
550		1661		747088		3522
551		1649		747858		3528
552		1659		748701		3532
553		1691		749556		3539
554		1685		750541		3531
555		1662		751550		3539
556		1679		752430		3554
557		1643		753321		3532
558		1669		754295		3507
559		1681		755277		3563
560		1655		756179		3519
561		1613		757094		3525
562		1584		757893		3549
563		1577		758766		3520
564		1596		759599		3548
565		1571		760440		3525
566		1598		761245		3535
567		1589		762097		3535
568		1577		762940		3542
569		1568		763848		3517
570		1544		764705		3525
571		1563		765509		3535
572		1587		766378		3524
573		1609		767297		3534
574		1606		768234		3513
575		1596		769055		3527
576		1581		769974		3516
577		1596		770820		3515
578		1610		771770		3528
579		1561		772620		3529
580		1544		773484		3530
581		1554		774265		3529
582		1579		775102		3548
583		1550		775935		3535
584		1535		776795		3546
585		1546		777656		3529
586		1570		778461		3538
587		1570		779310		3534
588		1562		780225		3552
589		1505		781093		3522
590		1490		781918		3543
591		1516		782728		3552
592		1479		783488		3541
593		1478		784244		3526
594		1442		784939		3525
595		1424		785707		3564
596		1454		786487		3553
597		1447		787227		3543
598		1482		788005		3547
599		1516		788809		3548
600		1522		789693		3554
601		1497		790582		3531
602		1504		791484		3543
603		1498		792310		3545
604		1451		793090		3547
605		1409		793797		3526
606		1442		794543		3537
607		1444		795296		3529
608		1394		796049		3529
609		1421		796786		3517
610		1443		797490		3536
611		1418		798209		3530
612		1464		799004		3547
613		1495		799861		3543
614		1487		800621		3528
615		1503		801395		3545
616		1482		802175		3541
617		1480		802985		3551
618		1512		803760		3552
619		1554		804626		3550
620		1541		805552		3533
621		1553		806401		3542
622		1551		807248		3531
623		1546		808103		3537
624		1541		808868		3532
625		1582		809847		3549
626		1581		810698		3543
627		1606		811527		3531
628		1617		812339		3547
629		1608		813154		3546
630		1635		813980		3537
631		1665		814927		3515
632		1637		815901		3547
633		1633		816709		3537
634		1646		817541		3545
635		1669		818441		3531
636		1665		819373		3527
637		1642		820262		3529
638		1637		821181		3536
639		1649		822013		3539
640		1674		822914		3545
641		1682		823860		3556
642		1688		824810		3556
643		1678		825646		3542
644		1679		826569		3548
645		1655		827457		3540
646		1665		828324		3539
647		1615		829256		3537
648		1574		830203		3539
649		1624		831070		3556
650		1599		831913		3551
651		1605		832749		3527
652		1588		833591		3527
653		1564		834471		3565
654		1622		835323		3540
655		1579		836234		3517
656		1554		837165		3544
657		1557		837918		3522
658		1559		838737		3529
659		1609		839531		3541
660		1615		840397		3560
661		1595		841384		3522
662		1642		842248		3537
663		1628		843111		3535
664		1646		843967		3534
665		1629		844909		3535
666		1644		845789		3547
667		1650		846697		3545
668		1636		847602		3532
669		1633		848432		3533
670		1619		849186		3529
671		1621		850182		3544
672		1627		851076		3523
673		1613		851972		3531
674		1636		852785		3540
675		1616		853656		3548
676		1560		854515		3534
677		1558		855231		3548
678		1575		856039		3534
679		1609		856858		3550
680		1605		857732		3560
681		1593		858525		3523
682		1622		859332		3541
683		1616		860303		3545
684		1657		861290		3540
685		1645		862235		3542
686		1637		863172		3567
687		1600		863986		3558
688		1543		864824		3541
689		1549		865647		3556
690		1551		866393		3548
691		1586		867252		3538
692		1585		868068		3533
693		1581		868941		3562
694		1560		869826		3572
695		1554		870751		3548
696		1579		871566		3543
697		1546		872328		3549
698		1570		873198		3551
699		1586		874034		3566
700		1535		874793		3557
701		1557		875600		3554
702		1561		876382		3558
703		1564		877248		3579
704		1577		878192		3562
705		1529		879009		3565
706		1530		879863		3561
707		1527		880758		3552
708		1557		881631		3544
709		1565		882479		3565
710		1551		883277		3546
711		1552		884121		3553
712		1555		884917		3535
713		1555		885692		3523
714		1549		886497		3548
715		1550		887257		3539
716		1569		888045		3551
717		1544		888867		3546
718		1512		889648		3561
719		1512		890381		3555
720		1508		891167		3561
721		1536		892005		3552
722		1534		892831		3557
723		1530		893696		3554
724		1513		894533		3541
725		1516		895389		3548
726		1544		896227		3543
727		1508		897073		3558
728		1491		897886		3552
729		1498		898650		3558
730		1514		899491		3553
731		1465		900346		3552
732		1487		901074		3557
733		1477		901872		3562
734		1514		902672		3556
735		1554		903446		3548
736		1535		904303		3529
737		1533		905128		3528
738		1552		906039		3574
739		1632		907031		3554
740		1603		907976		3557
741		1581		908756		3560
742		1563		909650		3540
743		1531		910476		3544
744		1547		911324		3534
745		1498		912118		3529
746		1543		912983		3545
747		1504		913890		3549
748		1474		914638		3542
749		1453		915365		3554
750		1499		916276		3542
751		1488		917093		3543
752		1467		918012		3563
753		1455		918837		3545
754		1456		919619		3557
755		1490		920404		3555
756		1457		921237		3571
757		1486		922016		3553
758		1521		922883		3555
759		1504		923744		3542
760		1497		924557		3561
761		1521		925320		3557
762		1483		926098		3548
763		1469		926850		3548
764		1496		927582		3552
765		1536		928477		3564
766		1528		929354		3560
767		1538		930220		3550
768		1555		931093		3567
769		1517		931960		3550
770		1546		932800		3557
771		1532		933704		3566
772		1531		934512		3550
773		1460		935372		3547
774		1411		936089		3543
775		1385		936721		3540
776		1388		937399		3557
777		1380		938117		3546
778		1406		938827		3553
779		1404		939636		3554
780		1395		940392		3562
781		1428		941157		3552
782		1412		941915		3558
783		1406		942669		3565
784		1404		943450		3544
785		1392		944298		3557
786		1382		945041		3548
787		1392		945829		3558
788		1363		946626		3584
789		1384		947334		3538
790		1406		948067		3562
791		1380		948882		3543
792		1353		949724		3549
793		1344		950518		3559
794		1376		951275		3554
795		1365		952009		3544
796		1376		952716		3571
797		1385		953480		3567
798		1387		954212		3562
799		1365		954982		3553
800		1395		955713		3537
801		1414		956448		3541
802		1395		957221		3570
803		1390		957965		3557
804		1382		958709		3563
805		1394		959540		3558
806		1392		960374		3542
807		1389		961193		3552
808		1378		961925		3549
809		1407		962632		3557
810		1427		963498		3551
811		1387		964250		3553
812		1364		964978		3551
813		1409		965812		3550
814		1388		966587		3550
815		1374		967431		3560
816		1377		968101		3560
817		1372		968879		3557
818		1404		969599		3545
819		1388		970306		3530
820		1410		971034		3548
821		1425		971775		3556
822		1442		972595		3562
823		1437		973372		3556
824		1455		974246		3547
825		1464		975098		3547
826		1445		975887		3552
827		1442		976709		3542
828		1448		977542		3546
829		1433		978346		3539
830		1423		979246		3549
831		1425		980099		3532
832		1439		980933		3557
833		1481		981781		3530
834		1462		982660		3553
835		1441		983495		3543
836		1424		984329		3550
837		1445		985178		3552
838		1474		985953		3534
839		1470		986699		3542
840		1446		987471		3541
841		1449		988224		3534
842		1423		989069		3544
843		1410		989790		3547
844		1405		990554		3543
845		1389		991328		3537
846		1404		992108		3546
847		1419		992848		3535
848		1378		993615		3553
849		1399		994381		3538
850		1391		995161		3549
851		1409		995897		3533
852		1438		996711		3536
853		1441		997586		3529
854		1459		998460		3534
855		1464		999369		3538
856		1483		1000125		3540
857		1494		1001023		3539
858		1457		1001876		3534
859		1475		1002685		3548
860		1500		1003454		3536
861		1480		1004305		3544
862		1479		1005134		3542
863		1464		1005925		3531
864		1475		1006736		3542
865		1433		1007465		3536
866		1454		1008203		3529
867		1451		1009026		3539
868		1482		1009701		3528
869		1490		1010489		3534
870		1492		1011291		3523
871		1484		1012097		3540
872		1527		1012972		3530
873		1528		1013759		3540
874		1550		1014561		3546
875		1517		1015414		3532
876		1528		1016217		3559
877		1500		1017061		3551
878		1491		1017854		3554
879		1485		1018691		3556
880		1487		1019458		3537
881		1510		1020242		3549
882		1532		1021094		3547
883		1565		1021921		3562
884		1548		1022862		3538
885		1526		1023689		3543
886		1532		1024491		3531
887		1560		1025375		3543
888		1578		1026297		3537
889		1509		1027229		3542
890		1501		1027993		3537
891		1515		1028832		3546
892		1527		1029694		3551
893		1491		1030625		3524
894		1508		1031459		3541
895		1485		1032279		3530
896		1524		1033101		3530
897		1527		1033924		3539
898		1513		1034727		3544
899		1502		1035546		3530
900		1450		1036400		3528
901		1485		1037199		3521
902		1461		1038015		3541
903		1436		1038835		3513
904		1476		1039678		3527
905		1429		1040515		3554
906		1423		1041171		3538
907		1412		1041836		3534
908		1399		1042530		3549
909		1373		1043260		3530
910		1417		1044066		3552
911		1446		1044859		3568
912		1434		1045707		3537
913		1470		1046550		3553
914		1472		1047376		3568
915		1481		1048181		3560
916		1479		1049018		3557
917		1487		1049839		3569
918		1487		1050728		3546
919		1445		1051674		3540
920		1435		1052569		3548
921		1455		1053326		3549
922		1437		1054090		3521
923		1437		1054765		3537
924		1445		1055508		3542
925		1431		1056190		3540
926		1418		1056884		3540
927		1381		1057613		3503
928		1434		1058424		3542
929		1465		1059212		3539
930		1476		1059956		3518
931		1489		1060824		3548
932		1503		1061697		3550
933		1499		1062544		3547
934		1512		1063399		3548
935		1522		1064204		3539
936		1519		1065065		3551
937		1545		1066020		3544
938		1547		1066827		3533
939		1546		1067578		3557
940		1559		1068374		3553
941		1578		1069293		3542
942		1617		1070173		3538
943		1651		1071074		3529
944		1656		1071918		3547
945		1666		1072819		3538
946		1693		1073702		3529
947		1706		1074674		3555
948		1726		1075672		3555
949		1722		1076625		3560
950		1731		1077599		3546
951		1716		1078593		3558
952		1714		1079563		3547
953		1729		1080566		3526
954		1695		1081511		3531
955		1705		1082449		3548
956		1743		1083414		3558
957		1692		1084411		3548
958		1703		1085419		3559
959		1715		1086407		3551
960		1709		1087304		3541
961		1702		1088288		3550
962		1697		1089236		3556
963		1706		1090219		3554
964		1700		1091222		3549
965		1695		1092095		3557
966		1677		1092989		3544
967		1637		1093840		3556
968		1597		1094652		3557
969		1597		1095440		3541
970		1619		1096314		3546
971		1622		1097207		3553
972		1625		1098028		3546
973		1600		1098916		3529
974		1611		1099741		3547
975		1608		1100558		3554
976		1575		1101389		3554
977		1575		1102289		3550
978		1577		1103186		3562
979		1582		1104187		3537
980		1552		1105082		3567
981		1512		1105854		3558
982		1508		1106599		3527
983		1508		1107323		3525
984		1510		1108166		3537
985		1483		1108869		3526
986		1488		1109609		3530
987		1518		1110428		3536
988		1504		1111222		3531
989		1509		1112051		3529
990		1548		1112855		3540
991		1528		1113665		3535
992		1546		1114508		3555
993		1565		1115311		3557
994		1555		1116167		3532
995		1538		1116959		3538
996		1558		1117846		3533
997		1564		1118682		3523
998		1553		1119521		3534
999		1573		1120411		3559
