# Migration is number of nodes that have changed color.

Round		Edge-Cut		Swaps		Migrations		Skipped
0		8708		4106		3223
1		7921		7404		3199
2		7234		10258		3222
3		6666		12662		3235
4		6175		14851		3313
5		5749		16816		3315
6		5324		18483		3313
7		4972		20011		3336
8		4662		21304		3354
9		4440		22496		3325
10		4227		23583		3366
11		4031		24621		3368
12		3831		25567		3373
13		3645		26374		3362
14		3523		27126		3368
15		3426		27765		3353
16		3299		28428		3355
17		3192		29019		3386
18		3094		29535		3382
19		3009		29990		3390
20		2928		30451		3399
21		2845		30862		3395
22		2770		31232		3414
23		2723		31557		3403
24		2691		31895		3402
25		2656		32176		3410
26		2622		32467		3399
27		2559		32775		3402
28		2524		33044		3418
29		2503		33318		3415
30		2480		33572		3404
31		2428		33787		3409
32		2428		34031		3403
33		2401		34254		3400
34		2375		34488		3399
35		2360		34700		3390
36		2363		34957		3397
37		2336		35166		3388
38		2332		35379		3411
39		2285		35580		3398
40		2243		35766		3380
41		2238		35936		3390
42		2241		36117		3399
43		2227		36304		3388
44		2209		36450		3389
45		2190		36561		3385
46		2165		36688		3399
47		2156		36835		3390
48		2163		37001		3397
49		2148		37125		3395
50		2128		37238		3400
51		2117		37329		3397
52		2113		37433		3400
53		2111		37543		3398
54		2084		37653		3397
55		2085		37734		3395
56		2085		37833		3391
57		2085		37940		3391
58		2078		38047		3394
59		2073		38144		3394
60		2060		38242		3397
61		2056		38327		3395
62		2051		38434		3395
63		2035		38517		3394
64		2021		38594		3401
65		2006		38660		3396
66		2011		38749		3399
67		2006		38840		3393
68		2005		38941		3397
69		2008		39034		3398
70		1995		39106		3394
71		1983		39192		3403
72		1988		39255		3396
73		1973		39328		3400
74		1969		39405		3392
75		1960		39464		3389
76		1963		39524		3393
77		1958		39593		3390
78		1953		39655		3392
79		1945		39723		3394
80		1943		39803		3398
81		1945		39876		3394
82		1937		39943		3389
83		1944		40003		3398
84		1939		40071		3397
85		1939		40146		3401
86		1948		40218		3400
87		1930		40299		3401
88		1931		40375		3403
89		1927		40439		3400
90		1915		40510		3405
91		1910		40613		3392
92		1912		40704		3400
93		1919		40803		3395
94		1902		40898		3399
95		1911		40972		3404
96		1901		41058		3400
97		1891		41134		3404
98		1889		41241		3408
99		1883		41344		3401
100		1877		41431		3402
101		1872		41511		3403
102		1867		41592		3406
103		1865		41668		3404
104		1871		41732		3404
105		1859		41803		3403
106		1863		41876		3399
107		1842		41936		3395
108		1823		41983		3388
109		1810		42018		3385
110		1809		42056		3389
111		1804		42086		3389
112		1803		42108		3391
113		1800		42133		3395
114		1805		42170		3393
115		1804		42232		3394
116		1805		42286		3393
117		1802		42330		3396
118		1793		42372		3396
119		1784		42412		3398
120		1777		42433		3401
121		1780		42456		3398
122		1773		42479		3395
123		1761		42504		3393
124		1762		42525		3393
125		1757		42542		3398
126		1764		42571		3393
127		1758		42592		3399
128		1756		42627		3400
129		1750		42659		3399
130		1748		42682		3395
131		1745		42698		3393
132		1740		42730		3397
133		1740		42749		3390
134		1744		42763		3391
135		1744		42782		3392
136		1741		42802		3391
137		1739		42822		3392
138		1743		42837		3393
139		1745		42863		3393
140		1741		42888		3389
141		1742		42914		3392
142		1736		42939		3395
143		1736		42971		3396
144		1733		43003		3396
145		1733		43024		3396
146		1727		43041		3396
147		1722		43064		3398
148		1726		43075		3397
149		1719		43087		3398
150		1718		43103		3398
151		1725		43125		3398
152		1728		43140		3396
153		1721		43160		3395
154		1725		43175		3397
155		1717		43194		3392
156		1717		43227		3391
157		1717		43247		3396
158		1715		43274		3395
159		1714		43302		3391
160		1711		43329		3394
161		1710		43354		3394
162		1705		43378		3392
163		1707		43409		3391
164		1703		43439		3393
165		1707		43464		3390
166		1698		43490		3390
167		1694		43511		3388
168		1698		43531		3392
169		1706		43553		3393
170		1702		43576		3393
171		1698		43609		3393
172		1693		43638		3388
173		1690		43661		3391
174		1690		43684		3391
175		1690		43699		3393
176		1693		43718		3391
177		1692		43731		3391
178		1690		43748		3389
179		1681		43771		3390
180		1682		43791		3394
181		1681		43805		3392
182		1678		43812		3393
183		1682		43830		3393
184		1682		43836		3393
185		1682		43847		3396
186		1688		43865		3397
187		1684		43879		3396
188		1683		43901		3399
189		1679		43916		3398
190		1672		43923		3398
191		1670		43933		3396
192		1671		43937		3396
193		1668		43940		3394
194		1669		43946		3395
195		1670		43947		3396
196		1671		43948		3396
197		1670		43950		3394
198		1669		43955		3397
199		1668		43958		3396
200		1668		43962		3396
201		1671		43973		3397
202		1668		43977		3395
203		1667		43980		3395
204		1667		43985		3396
205		1665		43990		3396
206		1666		43993		3397
207		1665		43996		3395
208		1665		43998		3395
209		1666		44002		3393
210		1666		44005		3392
211		1666		44006		3392
212		1666		44008		3392
213		1664		44011		3393
214		1664		44018		3395
215		1664		44022		3395
216		1664		44027		3394
217		1664		44029		3393
218		1664		44033		3392
219		1663		44035		3395
220		1667		44041		3395
221		1665		44044		3394
222		1664		44049		3393
223		1666		44051		3395
224		1665		44057		3395
225		1662		44060		3394
226		1662		44061		3394
227		1662		44062		3394
228		1662		44063		3394
229		1662		44064		3395
230		1662		44065		3394
231		1662		44069		3393
232		1662		44070		3394
233		1662		44071		3394
234		1660		44076		3394
235		1660		44076		3394
236		1660		44076		3394
237		1660		44076		3394
238		1660		44076		3394
239		1660		44076		3394
240		1660		44076		3394
241		1660		44076		3394
242		1660		44076		3394
243		1660		44076		3394
244		1660		44076		3394
245		1660		44076		3394
246		1660		44076		3394
247		1660		44076		3394
248		1660		44076		3394
249		1660		44076		3394
250		1660		44076		3394
251		1660		44076		3394
252		1660		44076		3394
253		1660		44076		3394
254		1660		44076		3394
255		1660		44076		3394
256		1660		44076		3394
257		1660		44076		3394
258		1660		44076		3394
259		1660		44076		3394
260		1660		44076		3394
261		1660		44076		3394
262		1660		44076		3394
263		1660		44076		3394
264		1660		44076		3394
265		1660		44076		3394
266		1660		44076		3394
267		1660		44076		3394
268		1660		44076		3394
269		1660		44076		3394
270		1660		44076		3394
271		1660		44076		3394
272		1660		44076		3394
273		1660		44076		3394
274		1660		44076		3394
275		1660		44076		3394
276		1660		44076		3394
277		1660		44076		3394
278		1660		44076		3394
279		1660		44076		3394
280		1660		44076		3394
281		1660		44076		3394
282		1660		44076		3394
283		1660		44076		3394
284		1660		44076		3394
285		1660		44076		3394
286		1660		44076		3394
287		1660		44076		3394
288		1660		44076		3394
289		1660		44076		3394
290		1660		44076		3394
291		1660		44076		3394
292		1660		44076		3394
293		1660		44076		3394
294		1660		44076		3394
295		1660		44076		3394
296		1660		44076		3394
297		1660		44076		3394
298		1660		44076		3394
299		1660		44076		3394
300		1660		44076		3394
301		1660		44076		3394
302		1660		44076		3394
303		1660		44076		3394
304		1660		44076		3394
305		1660		44076		3394
306		1660		44076		3394
307		1660		44076		3394
308		1660		44076		3394
309		1660		44076		3394
310		1660		44076		3394
311		1660		44076		3394
312		1660		44076		3394
313		1660		44076		3394
314		1660		44076		3394
315		1660		44076		3394
316		1660		44076		3394
317		1660		44076		3394
318		1660		44076		3394
319		1660		44076		3394
320		1660		44076		3394
321		1660		44076		3394
322		1660		44076		3394
323		1660		44076		3394
324		1660		44076		3394
325		1660		44076		3394
326		1660		44076		3394
327		1660		44076		3394
328		1660		44076		3394
329		1660		44076		3394
330		1660		44076		3394
331		1660		44076		3394
332		1660		44076		3394
333		1660		44076		3394
334		1660		44076		3394
335		1660		44076		3394
336		1660		44076		3394
337		1660		44076		3394
338		1660		44076		3394
339		1660		44076		3394
340		1660		44076		3394
341		1660		44076		3394
342		1660		44076		3394
343		1660		44076		3394
344		1660		44076		3394
345		1660		44076		3394
346		1660		44076		3394
347		1660		44076		3394
348		1660		44076		3394
349		1660		44076		3394
350		1660		44076		3394
351		1660		44076		3394
352		1660		44076		3394
353		1660		44076		3394
354		1660		44076		3394
355		1660		44076		3394
356		1660		44076		3394
357		1660		44076		3394
358		1660		44076		3394
359		1660		44076		3394
360		1660		44076		3394
361		1660		44076		3394
362		1660		44076		3394
363		1660		44076		3394
364		1660		44076		3394
365		1660		44076		3394
366		1660		44076		3394
367		1660		44076		3394
368		1660		44076		3394
369		1660		44076		3394
370		1660		44076		3394
371		1660		44076		3394
372		1660		44076		3394
373		1660		44076		3394
374		1660		44076		3394
375		1660		44076		3394
376		1660		44076		3394
377		1660		44076		3394
378		1660		44076		3394
379		1660		44076		3394
380		1660		44076		3394
381		1660		44076		3394
382		1660		44076		3394
383		1660		44076		3394
384		1660		44076		3394
385		1660		44076		3394
386		1660		44076		3394
387		1660		44076		3394
388		1660		44076		3394
389		1660		44076		3394
390		1660		44076		3394
391		1660		44076		3394
392		1660		44076		3394
393		1660		44076		3394
394		1660		44076		3394
395		1660		44076		3394
396		1660		44076		3394
397		1660		44076		3394
398		1660		44076		3394
399		1660		44076		3394
400		1660		44076		3394
401		1660		44076		3394
402		1660		44076		3394
403		1660		44076		3394
404		1660		44076		3394
405		1660		44076		3394
406		1660		44076		3394
407		1660		44076		3394
408		1660		44076		3394
409		1660		44076		3394
410		1660		44076		3394
411		1660		44076		3394
412		1660		44076		3394
413		1660		44076		3394
414		1660		44076		3394
415		1660		44076		3394
416		1660		44076		3394
417		1660		44076		3394
418		1660		44076		3394
419		1660		44076		3394
420		1660		44076		3394
421		1660		44076		3394
422		1660		44076		3394
423		1660		44076		3394
424		1660		44076		3394
425		1660		44076		3394
426		1660		44076		3394
427		1660		44076		3394
428		1660		44076		3394
429		1660		44076		3394
430		1660		44076		3394
431		1660		44076		3394
432		1660		44076		3394
433		1660		44076		3394
434		1660		44076		3394
435		1660		44076		3394
436		1660		44076		3394
437		1660		44076		3394
438		1660		44076		3394
439		1660		44076		3394
440		1660		44076		3394
441		1660		44076		3394
442		1660		44076		3394
443		1660		44076		3394
444		1660		44076		3394
445		1660		44076		3394
446		1660		44076		3394
447		1660		44076		3394
448		1660		44076		3394
449		1660		44076		3394
450		1660		44076		3394
451		1660		44076		3394
452		1660		44076		3394
453		1660		44076		3394
454		1660		44076		3394
455		1660		44076		3394
456		1660		44076		3394
457		1660		44076		3394
458		1660		44076		3394
459		1660		44076		3394
460		1660		44076		3394
461		1660		44076		3394
462		1660		44076		3394
463		1660		44076		3394
464		1660		44076		3394
465		1660		44076		3394
466		1660		44076		3394
467		1660		44076		3394
468		1660		44076		3394
469		1660		44076		3394
470		1660		44076		3394
471		1660		44076		3394
472		1660		44076		3394
473		1660		44076		3394
474		1660		44076		3394
475		1660		44076		3394
476		1660		44076		3394
477		1660		44076		3394
478		1660		44076		3394
479		1660		44076		3394
480		1660		44076		3394
481		1660		44076		3394
482		1660		44076		3394
483		1660		44076		3394
484		1660		44076		3394
485		1660		44076		3394
486		1660		44076		3394
487		1660		44076		3394
488		1660		44076		3394
489		1660		44076		3394
490		1660		44076		3394
491		1660		44076		3394
492		1660		44076		3394
493		1660		44076		3394
494		1660		44076		3394
495		1660		44076		3394
496		1660		44076		3394
497		1660		44076		3394
498		1660		44076		3394
499		1660		44076		3394
500		1660		44076		3394
501		1660		44076		3394
502		1660		44076		3394
503		1660		44076		3394
504		1660		44076		3394
505		1660		44076		3394
506		1660		44076		3394
507		1660		44076		3394
508		1660		44076		3394
509		1660		44076		3394
510		1660		44076		3394
511		1660		44076		3394
512		1660		44076		3394
513		1660		44076		3394
514		1660		44076		3394
515		1660		44076		3394
516		1660		44076		3394
517		1660		44076		3394
518		1660		44076		3394
519		1660		44076		3394
520		1660		44076		3394
521		1660		44076		3394
522		1660		44076		3394
523		1660		44076		3394
524		1660		44076		3394
525		1660		44076		3394
526		1660		44076		3394
527		1660		44076		3394
528		1660		44076		3394
529		1660		44076		3394
530		1660		44076		3394
531		1660		44076		3394
532		1660		44076		3394
533		1660		44076		3394
534		1660		44076		3394
535		1660		44076		3394
536		1660		44076		3394
537		1660		44076		3394
538		1660		44076		3394
539		1660		44076		3394
540		1660		44076		3394
541		1660		44076		3394
542		1660		44076		3394
543		1660		44076		3394
544		1660		44076		3394
545		1660		44076		3394
546		1660		44076		3394
547		1660		44076		3394
548		1660		44076		3394
549		1660		44076		3394
550		1660		44076		3394
551		1660		44076		3394
552		1660		44076		3394
553		1660		44076		3394
554		1660		44076		3394
555		1660		44076		3394
556		1660		44076		3394
557		1660		44076		3394
558		1660		44076		3394
559		1660		44076		3394
560		1660		44076		3394
561		1660		44076		3394
562		1660		44076		3394
563		1660		44076		3394
564		1660		44076		3394
565		1660		44076		3394
566		1660		44076		3394
567		1660		44076		3394
568		1660		44076		3394
569		1660		44076		3394
570		1660		44076		3394
571		1660		44076		3394
572		1660		44076		3394
573		1660		44076		3394
574		1660		44076		3394
575		1660		44076		3394
576		1660		44076		3394
577		1660		44076		3394
578		1660		44076		3394
579		1660		44076		3394
580		1660		44076		3394
581		1660		44076		3394
582		1660		44076		3394
583		1660		44076		3394
584		1660		44076		3394
585		1660		44076		3394
586		1660		44076		3394
587		1660		44076		3394
588		1660		44076		3394
589		1660		44076		3394
590		1660		44076		3394
591		1660		44076		3394
592		1660		44076		3394
593		1660		44076		3394
594		1660		44076		3394
595		1660		44076		3394
596		1660		44076		3394
597		1660		44076		3394
598		1660		44076		3394
599		1660		44076		3394
600		1660		44076		3394
601		1660		44076		3394
602		1660		44076		3394
603		1660		44076		3394
604		1660		44076		3394
605		1660		44076		3394
606		1660		44076		3394
607		1660		44076		3394
608		1660		44076		3394
609		1660		44076		3394
610		1660		44076		3394
611		1660		44076		3394
612		1660		44076		3394
613		1660		44076		3394
614		1660		44076		3394
615		1660		44076		3394
616		1660		44076		3394
617		1660		44076		3394
618		1660		44076		3394
619		1660		44076		3394
620		1660		44076		3394
621		1660		44076		3394
622		1660		44076		3394
623		1660		44076		3394
624		1660		44076		3394
625		1660		44076		3394
626		1660		44076		3394
627		1660		44076		3394
628		1660		44076		3394
629		1660		44076		3394
630		1660		44076		3394
631		1660		44076		3394
632		1660		44076		3394
633		1660		44076		3394
634		1660		44076		3394
635		1660		44076		3394
636		1660		44076		3394
637		1660		44076		3394
638		1660		44076		3394
639		1660		44076		3394
640		1660		44076		3394
641		1660		44076		3394
642		1660		44076		3394
643		1660		44076		3394
644		1660		44076		3394
645		1660		44076		3394
646		1660		44076		3394
647		1660		44076		3394
648		1660		44076		3394
649		1660		44076		3394
650		1660		44076		3394
651		1660		44076		3394
652		1660		44076		3394
653		1660		44076		3394
654		1660		44076		3394
655		1660		44076		3394
656		1660		44076		3394
657		1660		44076		3394
658		1660		44076		3394
659		1660		44076		3394
660		1660		44076		3394
661		1660		44076		3394
662		1660		44076		3394
663		1660		44076		3394
664		1660		44076		3394
665		1660		44076		3394
666		1660		44076		3394
667		1660		44076		3394
668		1660		44076		3394
669		1660		44076		3394
670		1660		44076		3394
671		1660		44076		3394
672		1660		44076		3394
673		1660		44076		3394
674		1660		44076		3394
675		1660		44076		3394
676		1660		44076		3394
677		1660		44076		3394
678		1660		44076		3394
679		1660		44076		3394
680		1660		44076		3394
681		1660		44076		3394
682		1660		44076		3394
683		1660		44076		3394
684		1660		44076		3394
685		1660		44076		3394
686		1660		44076		3394
687		1660		44076		3394
688		1660		44076		3394
689		1660		44076		3394
690		1660		44076		3394
691		1660		44076		3394
692		1660		44076		3394
693		1660		44076		3394
694		1660		44076		3394
695		1660		44076		3394
696		1660		44076		3394
697		1660		44076		3394
698		1660		44076		3394
699		1660		44076		3394
700		1660		44076		3394
701		1660		44076		3394
702		1660		44076		3394
703		1660		44076		3394
704		1660		44076		3394
705		1660		44076		3394
706		1660		44076		3394
707		1660		44076		3394
708		1660		44076		3394
709		1660		44076		3394
710		1660		44076		3394
711		1660		44076		3394
712		1660		44076		3394
713		1660		44076		3394
714		1660		44076		3394
715		1660		44076		3394
716		1660		44076		3394
717		1660		44076		3394
718		1660		44076		3394
719		1660		44076		3394
720		1660		44076		3394
721		1660		44076		3394
722		1660		44076		3394
723		1660		44076		3394
724		1660		44076		3394
725		1660		44076		3394
726		1660		44076		3394
727		1660		44076		3394
728		1660		44076		3394
729		1660		44076		3394
730		1660		44076		3394
731		1660		44076		3394
732		1660		44076		3394
733		1660		44076		3394
734		1660		44076		3394
735		1660		44076		3394
736		1660		44076		3394
737		1660		44076		3394
738		1660		44076		3394
739		1660		44076		3394
740		1660		44076		3394
741		1660		44076		3394
742		1660		44076		3394
743		1660		44076		3394
744		1660		44076		3394
745		1660		44076		3394
746		1660		44076		3394
747		1660		44076		3394
748		1660		44076		3394
749		1660		44076		3394
750		1660		44076		3394
751		1660		44076		3394
752		1660		44076		3394
753		1660		44076		3394
754		1660		44076		3394
755		1660		44076		3394
756		1660		44076		3394
757		1660		44076		3394
758		1660		44076		3394
759		1660		44076		3394
760		1660		44076		3394
761		1660		44076		3394
762		1660		44076		3394
763		1660		44076		3394
764		1660		44076		3394
765		1660		44076		3394
766		1660		44076		3394
767		1660		44076		3394
768		1660		44076		3394
769		1660		44076		3394
770		1660		44076		3394
771		1660		44076		3394
772		1660		44076		3394
773		1660		44076		3394
774		1660		44076		3394
775		1660		44076		3394
776		1660		44076		3394
777		1660		44076		3394
778		1660		44076		3394
779		1660		44076		3394
780		1660		44076		3394
781		1660		44076		3394
782		1660		44076		3394
783		1660		44076		3394
784		1660		44076		3394
785		1660		44076		3394
786		1660		44076		3394
787		1660		44076		3394
788		1660		44076		3394
789		1660		44076		3394
790		1660		44076		3394
791		1660		44076		3394
792		1660		44076		3394
793		1660		44076		3394
794		1660		44076		3394
795		1660		44076		3394
796		1660		44076		3394
797		1660		44076		3394
798		1660		44076		3394
799		1660		44076		3394
800		1660		44076		3394
801		1660		44076		3394
802		1660		44076		3394
803		1660		44076		3394
804		1660		44076		3394
805		1660		44076		3394
806		1660		44076		3394
807		1660		44076		3394
808		1660		44076		3394
809		1660		44076		3394
810		1660		44076		3394
811		1660		44076		3394
812		1660		44076		3394
813		1660		44076		3394
814		1660		44076		3394
815		1660		44076		3394
816		1660		44076		3394
817		1660		44076		3394
818		1660		44076		3394
819		1660		44076		3394
820		1660		44076		3394
821		1660		44076		3394
822		1660		44076		3394
823		1660		44076		3394
824		1660		44076		3394
825		1660		44076		3394
826		1660		44076		3394
827		1660		44076		3394
828		1660		44076		3394
829		1660		44076		3394
830		1660		44076		3394
831		1660		44076		3394
832		1660		44076		3394
833		1660		44076		3394
834		1660		44076		3394
835		1660		44076		3394
836		1660		44076		3394
837		1660		44076		3394
838		1660		44076		3394
839		1660		44076		3394
840		1660		44076		3394
841		1660		44076		3394
842		1660		44076		3394
843		1660		44076		3394
844		1660		44076		3394
845		1660		44076		3394
846		1660		44076		3394
847		1660		44076		3394
848		1660		44076		3394
849		1660		44076		3394
850		1660		44076		3394
851		1660		44076		3394
852		1660		44076		3394
853		1660		44076		3394
854		1660		44076		3394
855		1660		44076		3394
856		1660		44076		3394
857		1660		44076		3394
858		1660		44076		3394
859		1660		44076		3394
860		1660		44076		3394
861		1660		44076		3394
862		1660		44076		3394
863		1660		44076		3394
864		1660		44076		3394
865		1660		44076		3394
866		1660		44076		3394
867		1660		44076		3394
868		1660		44076		3394
869		1660		44076		3394
870		1660		44076		3394
871		1660		44076		3394
872		1660		44076		3394
873		1660		44076		3394
874		1660		44076		3394
875		1660		44076		3394
876		1660		44076		3394
877		1660		44076		3394
878		1660		44076		3394
879		1660		44076		3394
880		1660		44076		3394
881		1660		44076		3394
882		1660		44076		3394
883		1660		44076		3394
884		1660		44076		3394
885		1660		44076		3394
886		1660		44076		3394
887		1660		44076		3394
888		1660		44076		3394
889		1660		44076		3394
890		1660		44076		3394
891		1660		44076		3394
892		1660		44076		3394
893		1660		44076		3394
894		1660		44076		3394
895		1660		44076		3394
896		1660		44076		3394
897		1660		44076		3394
898		1660		44076		3394
899		1660		44076		3394
900		1660		44076		3394
901		1660		44076		3394
902		1660		44076		3394
903		1660		44076		3394
904		1660		44076		3394
905		1660		44076		3394
906		1660		44076		3394
907		1660		44076		3394
908		1660		44076		3394
909		1660		44076		3394
910		1660		44076		3394
911		1660		44076		3394
912		1660		44076		3394
913		1660		44076		3394
914		1660		44076		3394
915		1660		44076		3394
916		1660		44076		3394
917		1660		44076		3394
918		1660		44076		3394
919		1660		44076		3394
920		1660		44076		3394
921		1660		44076		3394
922		1660		44076		3394
923		1660		44076		3394
924		1660		44076		3394
925		1660		44076		3394
926		1660		44076		3394
927		1660		44076		3394
928		1660		44076		3394
929		1660		44076		3394
930		1660		44076		3394
931		1660		44076		3394
932		1660		44076		3394
933		1660		44076		3394
934		1660		44076		3394
935		1660		44076		3394
936		1660		44076		3394
937		1660		44076		3394
938		1660		44076		3394
939		1660		44076		3394
940		1660		44076		3394
941		1660		44076		3394
942		1660		44076		3394
943		1660		44076		3394
944		1660		44076		3394
945		1660		44076		3394
946		1660		44076		3394
947		1660		44076		3394
948		1660		44076		3394
949		1660		44076		3394
950		1660		44076		3394
951		1660		44076		3394
952		1660		44076		3394
953		1660		44076		3394
954		1660		44076		3394
955		1660		44076		3394
956		1660		44076		3394
957		1660		44076		3394
958		1660		44076		3394
959		1660		44076		3394
960		1660		44076		3394
961		1660		44076		3394
962		1660		44076		3394
963		1660		44076		3394
964		1660		44076		3394
965		1660		44076		3394
966		1660		44076		3394
967		1660		44076		3394
968		1660		44076		3394
969		1660		44076		3394
970		1660		44076		3394
971		1660		44076		3394
972		1660		44076		3394
973		1660		44076		3394
974		1660		44076		3394
975		1660		44076		3394
976		1660		44076		3394
977		1660		44076		3394
978		1660		44076		3394
979		1660		44076		3394
980		1660		44076		3394
981		1660		44076		3394
982		1660		44076		3394
983		1660		44076		3394
984		1660		44076		3394
985		1660		44076		3394
986		1660		44076		3394
987		1660		44076		3394
988		1660		44076		3394
989		1660		44076		3394
990		1660		44076		3394
991		1660		44076		3394
992		1660		44076		3394
993		1660		44076		3394
994		1660		44076		3394
995		1660		44076		3394
996		1660		44076		3394
997		1660		44076		3394
998		1660		44076		3394
999		1660		44076		3394
