# Migration is number of nodes that have changed color.

Round		Edge-Cut		Swaps		Migrations		Skipped
0		4330		2265		1121
1		3727		4318		1294
2		3489		6254		1343
3		3398		8137		1404
4		3278		9977		1472
5		3198		11750		1531
6		3113		13489		1551
7		3057		15185		1563
8		2995		16842		1550
9		2970		18463		1565
10		2943		20102		1577
11		2918		21724		1573
12		2902		23326		1608
13		2872		24924		1646
14		2844		26492		1638
15		2838		28046		1633
16		2833		29610		1649
17		2800		31125		1668
18		2775		32643		1688
19		2801		34152		1694
20		2772		35668		1687
21		2757		37174		1692
22		2743		38678		1679
23		2741		40159		1698
24		2736		41655		1707
25		2711		43136		1708
26		2717		44601		1704
27		2698		46071		1718
28		2693		47520		1729
29		2699		48991		1733
30		2690		50447		1720
31		2695		51894		1721
32		2703		53358		1723
33		2668		54781		1717
34		2680		56195		1723
35		2657		57597		1725
36		2686		58986		1731
37		2653		60400		1733
38		2623		61788		1769
39		2592		63179		1749
40		2584		64548		1749
41		2566		65905		1755
42		2573		67243		1747
43		2580		68584		1757
44		2576		69935		1734
45		2563		71274		1740
46		2555		72624		1729
47		2553		73948		1728
48		2559		75306		1732
49		2563		76669		1741
50		2557		78015		1747
51		2536		79385		1750
52		2511		80725		1771
53		2489		82079		1756
54		2478		83399		1766
55		2463		84724		1753
56		2439		86026		1771
57		2439		87306		1761
58		2438		88615		1759
59		2428		89902		1761
60		2437		91198		1743
61		2443		92486		1739
62		2431		93789		1730
63		2446		95093		1729
64		2414		96382		1732
65		2399		97655		1725
66		2391		98902		1734
67		2394		100161		1745
68		2373		101406		1754
69		2375		102644		1751
70		2369		103878		1746
71		2375		105117		1740
72		2369		106383		1734
73		2352		107607		1738
74		2345		108842		1748
75		2343		110058		1750
76		2328		111265		1748
77		2331		112466		1741
78		2324		113681		1751
79		2338		114888		1749
80		2337		116131		1746
81		2342		117353		1753
82		2338		118570		1739
83		2325		119784		1746
84		2309		120995		1751
85		2300		122180		1754
86		2306		123383		1764
87		2296		124568		1758
88		2297		125753		1751
89		2291		126942		1754
90		2283		128114		1750
91		2274		129266		1751
92		2270		130410		1740
93		2258		131544		1744
94		2264		132661		1735
95		2261		133774		1743
96		2251		134877		1738
97		2241		135984		1745
98		2226		137076		1738
99		2237		138178		1739
100		2242		139288		1740
101		2229		140393		1741
102		2222		141489		1744
103		2203		142579		1749
104		2196		143653		1745
105		2187		144702		1754
106		2185		145751		1759
107		2183		146804		1745
108		2191		147855		1760
109		2193		148917		1765
110		2185		149972		1762
111		2175		151023		1764
112		2173		152063		1756
113		2157		153102		1756
114		2160		154143		1756
115		2157		155198		1755
116		2155		156248		1751
117		2157		157299		1751
118		2149		158342		1757
119		2148		159386		1746
120		2126		160403		1755
121		2119		161412		1749
122		2114		162410		1749
123		2112		163407		1742
124		2107		164394		1746
125		2107		165386		1740
126		2109		166378		1746
127		2106		167368		1733
128		2106		168364		1737
129		2096		169342		1733
130		2095		170322		1742
131		2090		171293		1739
132		2087		172264		1737
133		2087		173238		1740
134		2092		174222		1738
135		2085		175192		1733
136		2087		176163		1738
137		2080		177139		1743
138		2076		178106		1744
139		2075		179066		1742
140		2079		180037		1745
141		2078		180995		1741
142		2079		181960		1743
143		2072		182921		1745
144		2070		183872		1748
145		2062		184816		1748
146		2067		185757		1747
147		2063		186694		1749
148		2069		187640		1746
149		2053		188572		1753
150		2058		189504		1751
151		2053		190436		1757
152		2076		191376		1754
153		2064		192313		1766
154		2060		193241		1763
155		2057		194171		1761
156		2061		195096		1767
157		2059		196013		1766
158		2061		196932		1771
159		2048		197839		1769
160		2040		198730		1769
161		2041		199630		1771
162		2036		200513		1774
163		2035		201403		1775
164		2035		202287		1779
165		2024		203161		1778
166		2022		204027		1773
167		2015		204880		1766
168		2011		205715		1766
169		2008		206556		1768
170		2004		207392		1766
171		2006		208237		1766
172		1999		209064		1765
173		1998		209897		1763
174		1994		210732		1768
175		1994		211549		1762
176		1990		212370		1764
177		1985		213176		1763
178		1976		213979		1761
179		1968		214762		1758
180		1965		215539		1760
181		1963		216317		1759
182		1957		217098		1756
183		1960		217876		1763
184		1953		218642		1759
185		1951		219407		1762
186		1952		220163		1760
187		1950		220923		1761
188		1947		221676		1760
189		1946		222432		1764
190		1940		223177		1758
191		1940		223918		1761
192		1940		224659		1757
193		1933		225395		1762
194		1932		226131		1763
195		1936		226865		1765
196		1931		227597		1760
197		1931		228324		1763
198		1930		229053		1762
199		1934		229782		1766
200		1928		230512		1765
201		1926		231240		1765
202		1924		231964		1766
203		1919		232685		1769
204		1917		233401		1767
205		1915		234114		1769
206		1916		234827		1767
207		1915		235540		1770
208		1914		236251		1768
209		1912		236958		1769
210		1911		237664		1769
211		1911		238372		1770
212		1911		239080		1769
213		1911		239790		1770
214		1910		240496		1769
215		1910		241202		1769
216		1911		241909		1769
217		1911		242615		1769
218		1910		243320		1769
219		1907		244023		1767
220		1909		244727		1766
221		1910		245436		1765
222		1907		246144		1767
223		1907		246849		1766
224		1906		247553		1765
225		1906		248258		1766
226		1908		248962		1767
227		1907		249665		1768
228		1907		250369		1768
229		1907		251073		1768
230		1907		251777		1768
231		1907		252481		1768
232		1907		253185		1768
233		1907		253889		1768
234		1907		254593		1768
235		1907		255297		1768
236		1907		256001		1768
237		1908		256705		1767
238		1906		257409		1767
239		1905		258110		1768
240		1905		258810		1768
241		1904		259509		1768
242		1906		260211		1769
243		1905		260915		1769
244		1904		261616		1769
245		1904		262314		1769
246		1903		263011		1769
247		1903		263707		1769
248		1901		264405		1770
249		1900		265100		1769
250		1900		265794		1769
251		1899		266487		1769
252		1899		267179		1769
253		1899		267871		1769
254		1898		268563		1768
255		1897		269255		1769
256		1898		269946		1769
257		1897		270638		1768
258		1896		271330		1770
259		1896		272021		1769
260		1895		272711		1771
261		1894		273400		1770
262		1894		274089		1771
263		1894		274778		1770
264		1894		275467		1771
265		1893		276155		1769
266		1894		276844		1769
267		1894		277534		1768
268		1894		278224		1769
269		1893		278914		1768
270		1893		279603		1769
271		1893		280292		1768
272		1893		280981		1769
273		1893		281670		1768
274		1893		282359		1769
275		1893		283048		1768
276		1893		283737		1769
277		1893		284426		1768
278		1894		285117		1769
279		1894		285808		1769
280		1894		286498		1769
281		1894		287188		1769
282		1894		287878		1769
283		1894		288568		1769
284		1894		289258		1769
285		1894		289948		1769
286		1894		290638		1769
287		1894		291328		1769
288		1894		292018		1769
289		1894		292708		1769
290		1894		293398		1769
291		1894		294088		1769
292		1894		294778		1769
293		1894		295468		1769
294		1894		296158		1769
295		1894		296848		1769
296		1894		297538		1769
297		1894		298228		1769
298		1893		298919		1769
299		1893		299609		1769
300		1893		300299		1769
301		1893		300989		1769
302		1893		301679		1769
303		1893		302369		1769
304		1893		303059		1769
305		1893		303749		1769
306		1893		304439		1769
307		1893		305129		1769
308		1893		305819		1769
309		1893		306509		1769
310		1893		307199		1769
311		1893		307889		1769
312		1893		308579		1769
313		1893		309269		1769
314		1893		309959		1769
315		1893		310649		1769
316		1893		311339		1769
317		1893		312029		1769
318		1893		312719		1769
319		1893		313409		1769
320		1893		314099		1769
321		1893		314789		1769
322		1893		315479		1769
323		1893		316169		1769
324		1893		316859		1769
325		1893		317549		1769
326		1893		318239		1769
327		1893		318929		1769
328		1893		319619		1769
329		1893		320309		1769
330		1893		320999		1769
331		1893		321689		1769
332		1893		322379		1769
333		1893		323069		1769
334		1893		323759		1769
335		1893		324449		1769
336		1893		325139		1769
337		1893		325829		1769
338		1893		326519		1769
339		1893		327209		1769
340		1893		327899		1769
341		1893		328589		1769
342		1893		329279		1769
343		1893		329969		1769
344		1893		330659		1769
345		1893		331349		1769
346		1893		332039		1769
347		1893		332729		1769
348		1893		333419		1769
349		1893		334109		1769
350		1893		334799		1769
351		1893		335489		1769
352		1893		336179		1769
353		1893		336869		1769
354		1893		337559		1769
355		1893		338249		1769
356		1893		338939		1769
357		1893		339629		1769
358		1893		340319		1769
359		1893		341009		1769
360		1893		341699		1769
361		1893		342389		1769
362		1893		343079		1769
363		1893		343769		1769
364		1893		344459		1769
365		1893		345149		1769
366		1893		345839		1769
367		1893		346529		1769
368		1893		347219		1769
369		1893		347909		1769
370		1893		348599		1769
371		1893		349289		1769
372		1893		349979		1769
373		1893		350669		1769
374		1893		351359		1769
375		1893		352049		1769
376		1893		352739		1769
377		1893		353429		1769
378		1893		354119		1769
379		1893		354809		1769
380		1893		355499		1769
381		1893		356189		1769
382		1893		356879		1769
383		1893		357569		1769
384		1893		358259		1769
385		1893		358949		1769
386		1893		359639		1769
387		1893		360329		1769
388		1893		361019		1769
389		1893		361709		1769
390		1893		362399		1769
391		1893		363089		1769
392		1893		363779		1769
393		1893		364469		1769
394		1893		365159		1769
395		1893		365849		1769
396		1893		366539		1769
397		1893		367229		1769
398		1893		367919		1769
399		1893		368609		1769
400		1893		369299		1769
401		2012		370109		1764
402		2097		370998		1764
403		2165		371962		1767
404		2224		373016		1749
405		2308		374163		1761
406		2316		375359		1753
407		2354		376577		1738
408		2355		377811		1760
409		2399		379105		1762
410		2405		380407		1759
411		2418		381719		1753
412		2458		383036		1758
413		2467		384385		1758
414		2458		385714		1771
415		2461		387051		1772
416		2506		388410		1757
417		2528		389811		1789
418		2515		391223		1768
419		2541		392602		1770
420		2527		394021		1766
421		2546		395431		1778
422		2526		396811		1780
423		2515		398207		1783
424		2492		399548		1789
425		2482		400896		1794
426		2486		402266		1787
427		2493		403630		1771
428		2498		404985		1762
429		2496		406357		1763
430		2474		407692		1785
431		2472		409047		1764
432		2475		410382		1787
433		2482		411724		1782
434		2494		413088		1784
435		2483		414450		1776
436		2472		415792		1791
437		2465		417118		1789
438		2447		418436		1790
439		2456		419752		1795
440		2436		421035		1796
441		2427		422352		1796
442		2415		423634		1805
443		2408		424907		1804
444		2418		426184		1799
445		2401		427464		1794
446		2399		428737		1791
447		2411		430036		1783
448		2394		431333		1787
449		2392		432618		1763
450		2389		433886		1776
451		2376		435133		1789
452		2364		436383		1777
453		2364		437642		1783
454		2371		438878		1770
455		2368		440117		1751
456		2363		441344		1759
457		2369		442570		1771
458		2365		443821		1775
459		2348		445074		1769
460		2327		446296		1771
461		2327		447501		1760
462		2318		448697		1762
463		2334		449913		1761
464		2321		451134		1762
465		2311		452339		1754
466		2297		453534		1747
467		2286		454740		1739
468		2281		455918		1750
469		2267		457076		1766
470		2264		458250		1749
471		2266		459407		1745
472		2263		460576		1742
473		2253		461716		1742
474		2250		462841		1759
475		2221		463959		1753
476		2200		465055		1748
477		2217		466160		1747
478		2221		467268		1746
479		2228		468385		1746
480		2210		469490		1749
481		2205		470597		1753
482		2183		471682		1737
483		2174		472757		1747
484		2160		473822		1745
485		2157		474869		1745
486		2159		475911		1736
487		2156		476972		1751
488		2160		478003		1754
489		2163		479070		1759
490		2170		480128		1754
491		2160		481198		1760
492		2162		482265		1767
493		2159		483322		1774
494		2152		484377		1782
495		2158		485417		1785
496		2141		486472		1777
497		2140		487510		1776
498		2121		488539		1775
499		2103		489550		1775
500		2104		490552		1761
501		2097		491541		1760
502		2087		492511		1755
503		2082		493490		1766
504		2076		494457		1769
505		2079		495443		1761
506		2067		496411		1773
507		2072		497373		1774
508		2065		498351		1774
509		2061		499314		1776
510		2060		500266		1780
511		2060		501233		1776
512		2042		502190		1786
513		2058		503135		1773
514		2050		504090		1772
515		2049		505036		1767
516		2042		505985		1775
517		2046		506928		1772
518		2044		507873		1771
519		2043		508816		1769
520		2041		509752		1773
521		2038		510680		1771
522		2030		511607		1768
523		2038		512538		1772
524		2035		513466		1777
525		2027		514387		1778
526		2033		515308		1780
527		2033		516236		1778
528		2032		517156		1783
529		2027		518063		1787
530		2031		518980		1788
531		2029		519895		1777
532		2024		520805		1779
533		2020		521716		1776
534		2022		522631		1774
535		2028		523540		1781
536		2018		524448		1775
537		2015		525352		1782
538		2009		526253		1772
539		2011		527153		1775
540		2005		528045		1780
541		2003		528930		1779
542		2001		529818		1777
543		2004		530710		1776
544		2001		531603		1777
545		1998		532487		1771
546		1997		533374		1775
547		2004		534258		1775
548		2003		535148		1781
549		2009		536040		1772
550		2002		536913		1780
551		2005		537780		1780
552		2019		538650		1786
553		2004		539528		1780
554		2000		540401		1776
555		1996		541253		1775
556		1996		542109		1787
557		1990		542951		1789
558		1995		543796		1788
559		1982		544636		1787
560		1979		545475		1782
561		1971		546312		1784
562		1970		547141		1781
563		1972		547968		1776
564		1971		548796		1772
565		1967		549619		1767
566		1963		550440		1768
567		1961		551256		1770
568		1962		552071		1769
569		1960		552884		1766
570		1956		553699		1772
571		1953		554504		1773
572		1955		555309		1775
573		1949		556116		1775
574		1945		556917		1777
575		1938		557721		1777
576		1936		558514		1784
577		1932		559302		1781
578		1930		560092		1781
579		1932		560878		1779
580		1932		561667		1780
581		1933		562461		1782
582		1939		563254		1784
583		1933		564049		1785
584		1933		564837		1785
585		1931		565625		1788
586		1930		566410		1786
587		1929		567199		1783
588		1929		567987		1784
589		1932		568776		1790
590		1933		569569		1788
591		1935		570362		1789
592		1937		571153		1784
593		1934		571945		1783
594		1937		572739		1781
595		1934		573530		1783
596		1933		574322		1778
597		1931		575110		1781
598		1931		575899		1780
599		1933		576690		1783
600		1932		577477		1783
601		1929		578260		1778
602		1925		579041		1783
603		1927		579819		1782
604		1925		580596		1784
605		1925		581375		1782
606		1927		582155		1780
607		1925		582938		1782
608		1925		583719		1782
609		1924		584496		1781
610		1925		585273		1781
611		1925		586049		1782
612		1925		586826		1781
613		1924		587603		1784
614		1924		588379		1783
615		1924		589153		1785
616		1923		589928		1785
617		1922		590701		1784
618		1922		591474		1783
619		1922		592247		1784
620		1922		593020		1783
621		1922		593793		1784
622		1921		594565		1784
623		1921		595338		1785
624		1921		596111		1784
625		1922		596886		1784
626		1923		597661		1784
627		1922		598434		1784
628		1922		599208		1784
629		1921		599983		1783
630		1921		600757		1783
631		1921		601531		1783
632		1921		602305		1783
633		1921		603079		1783
634		1921		603853		1783
635		1920		604626		1783
636		1920		605400		1783
637		1920		606174		1783
638		1920		606948		1783
639		1921		607726		1784
640		1922		608501		1785
641		1924		609277		1785
642		1924		610055		1784
643		1923		610835		1785
644		1924		611614		1783
645		1922		612392		1785
646		1922		613172		1786
647		1922		613950		1786
648		1922		614728		1786
649		1923		615507		1786
650		1923		616288		1785
651		1922		617065		1785
652		1921		617840		1786
653		1920		618617		1786
654		1920		619393		1786
655		1920		620169		1786
656		1920		620945		1786
657		1920		621721		1786
658		1920		622497		1786
659		1919		623272		1786
660		1919		624048		1786
661		1919		624824		1786
662		1919		625600		1786
663		1919		626376		1786
664		1919		627152		1786
665		1919		627928		1786
666		1919		628704		1786
667		1918		629482		1786
668		1918		630258		1786
669		1918		631034		1786
670		1918		631810		1786
671		1918		632586		1786
672		1918		633362		1786
673		1918		634138		1786
674		1918		634914		1786
675		1918		635690		1786
676		1918		636466		1786
677		1918		637242		1786
678		1917		638020		1787
679		1917		638796		1787
680		1917		639572		1787
681		1917		640348		1787
682		1917		641124		1787
683		1917		641900		1787
684		1917		642676		1787
685		1917		643452		1787
686		1917		644228		1787
687		1917		645004		1787
688		1917		645780		1787
689		1917		646556		1787
690		1917		647332		1787
691		1917		648108		1787
692		1917		648884		1787
693		1917		649660		1787
694		1917		650436		1787
695		1917		651212		1787
696		1917		651988		1787
697		1917		652764		1787
698		1917		653540		1787
699		1917		654316		1787
700		1917		655092		1787
701		1917		655868		1787
702		1917		656644		1787
703		1917		657420		1787
704		1917		658196		1787
705		1917		658972		1787
706		1917		659748		1787
707		1917		660524		1787
708		1917		661300		1787
709		1917		662076		1787
710		1917		662852		1787
711		1917		663628		1787
712		1917		664404		1787
713		1917		665180		1787
714		1917		665956		1787
715		1917		666732		1787
716		1917		667508		1787
717		1917		668284		1787
718		1917		669060		1787
719		1917		669836		1787
720		1917		670612		1787
721		1917		671388		1787
722		1917		672164		1787
723		1917		672940		1787
724		1917		673716		1787
725		1917		674492		1787
726		1917		675268		1787
727		1917		676044		1787
728		1917		676820		1787
729		1917		677596		1787
730		1917		678372		1787
731		1917		679148		1787
732		1917		679924		1787
733		1917		680700		1787
734		1917		681476		1787
735		1917		682252		1787
736		1917		683028		1787
737		1917		683804		1787
738		1917		684580		1787
739		1917		685356		1787
740		1917		686132		1787
741		1917		686908		1787
742		1917		687684		1787
743		1917		688460		1787
744		1917		689236		1787
745		1917		690012		1787
746		1917		690788		1787
747		1917		691564		1787
748		1917		692340		1787
749		1917		693116		1787
750		1917		693892		1787
751		1917		694668		1787
752		1917		695444		1787
753		1917		696220		1787
754		1917		696996		1787
755		1917		697772		1787
756		1917		698548		1787
757		1917		699324		1787
758		1917		700100		1787
759		1917		700876		1787
760		1917		701652		1787
761		1917		702428		1787
762		1917		703204		1787
763		1917		703980		1787
764		1917		704756		1787
765		1917		705532		1787
766		1917		706308		1787
767		1917		707084		1787
768		1917		707860		1787
769		1917		708636		1787
770		1917		709412		1787
771		1917		710188		1787
772		1917		710964		1787
773		1917		711740		1787
774		1917		712516		1787
775		1917		713292		1787
776		1917		714068		1787
777		1917		714844		1787
778		1917		715620		1787
779		1917		716396		1787
780		1917		717172		1787
781		1917		717948		1787
782		1917		718724		1787
783		1917		719500		1787
784		1917		720276		1787
785		1917		721052		1787
786		1917		721828		1787
787		1917		722604		1787
788		1917		723380		1787
789		1917		724156		1787
790		1917		724932		1787
791		1917		725708		1787
792		1917		726484		1787
793		1917		727260		1787
794		1917		728036		1787
795		1917		728812		1787
796		1917		729588		1787
797		1917		730364		1787
798		1917		731140		1787
799		1917		731916		1787
800		1917		732692		1787
801		2021		733568		1783
802		2106		734530		1777
803		2139		735528		1782
804		2196		736598		1785
805		2238		737717		1784
806		2267		738851		1773
807		2325		740072		1754
808		2373		741311		1752
809		2398		742594		1759
810		2399		743906		1769
811		2417		745203		1754
812		2453		746554		1757
813		2473		747933		1768
814		2470		749296		1759
815		2474		750642		1752
816		2494		752016		1764
817		2510		753380		1776
818		2509		754748		1759
819		2522		756133		1759
820		2502		757494		1772
821		2490		758844		1769
822		2495		760186		1768
823		2491		761538		1772
824		2494		762886		1758
825		2513		764260		1746
826		2527		765636		1743
827		2538		767019		1751
828		2536		768422		1732
829		2538		769807		1771
830		2529		771178		1761
831		2510		772551		1745
832		2479		773912		1750
833		2517		775289		1746
834		2508		776678		1732
835		2486		778047		1778
836		2477		779382		1777
837		2448		780711		1775
838		2418		782012		1773
839		2435		783338		1782
840		2421		784647		1782
841		2412		785908		1767
842		2399		787159		1769
843		2389		788432		1765
844		2381		789683		1755
845		2401		790954		1766
846		2391		792212		1764
847		2371		793451		1755
848		2374		794706		1753
849		2361		795950		1759
850		2364		797181		1766
851		2364		798397		1757
852		2346		799611		1781
853		2364		800847		1757
854		2354		802075		1755
855		2348		803307		1742
856		2356		804543		1743
857		2350		805777		1742
858		2366		807029		1740
859		2355		808281		1733
860		2356		809536		1738
861		2374		810796		1749
862		2371		812053		1743
863		2362		813305		1758
864		2341		814536		1748
865		2343		815755		1742
866		2335		816975		1740
867		2330		818185		1751
868		2319		819394		1741
869		2321		820583		1746
870		2312		821780		1762
871		2312		822993		1768
872		2287		824183		1766
873		2294		825364		1775
874		2270		826546		1774
875		2253		827709		1770
876		2264		828856		1778
877		2259		830009		1770
878		2261		831176		1748
879		2258		832324		1742
880		2264		833465		1745
881		2258		834604		1757
882		2246		835739		1755
883		2245		836876		1761
884		2232		838001		1746
885		2220		839124		1754
886		2214		840230		1759
887		2211		841339		1761
888		2197		842440		1765
889		2204		843521		1752
890		2198		844616		1769
891		2199		845702		1759
892		2202		846785		1782
893		2198		847858		1770
894		2185		848924		1771
895		2181		849986		1769
896		2184		851057		1787
897		2174		852131		1769
898		2171		853192		1781
899		2151		854252		1786
900		2139		855294		1786
901		2139		856320		1793
902		2131		857349		1779
903		2124		858378		1788
904		2115		859400		1784
905		2123		860422		1785
906		2118		861443		1782
907		2098		862443		1779
908		2097		863439		1775
909		2095		864439		1776
910		2087		865427		1782
911		2086		866399		1777
912		2089		867385		1785
913		2082		868373		1781
914		2077		869344		1788
915		2075		870311		1776
916		2073		871276		1787
917		2078		872248		1781
918		2073		873216		1784
919		2073		874181		1778
920		2067		875148		1787
921		2065		876106		1779
922		2057		877054		1782
923		2060		878009		1780
924		2050		878959		1775
925		2044		879891		1775
926		2034		880823		1776
927		2039		881749		1775
928		2034		882676		1779
929		2033		883600		1769
930		2033		884523		1770
931		2031		885453		1769
932		2030		886377		1761
933		2034		887306		1760
934		2026		888225		1764
935		2028		889142		1771
936		2028		890060		1769
937		2023		890978		1777
938		2024		891897		1772
939		2023		892812		1772
940		2028		893734		1770
941		2024		894654		1773
942		2024		895567		1774
943		2024		896477		1779
944		2030		897396		1783
945		2025		898314		1781
946		2023		899233		1779
947		2025		900150		1779
948		2025		901068		1778
949		2021		901985		1782
950		2019		902902		1780
951		2021		903822		1781
952		2054		904744		1789
953		2040		905682		1796
954		2032		906607		1795
955		2034		907520		1793
956		2022		908425		1783
957		2012		909307		1785
958		2008		910190		1783
959		2008		911059		1782
960		1999		911925		1776
961		1998		912789		1777
962		1998		913646		1775
963		1991		914503		1775
964		1992		915356		1778
965		1991		916209		1779
966		1987		917056		1777
967		1993		917911		1775
968		1992		918768		1781
969		1990		919622		1783
970		1985		920476		1784
971		1985		921321		1786
972		1982		922160		1783
973		1986		923004		1780
974		1988		923861		1777
975		1986		924711		1774
976		1983		925565		1776
977		1982		926417		1776
978		1979		927262		1774
979		1973		928096		1778
980		1967		928924		1774
981		1967		929742		1775
982		1971		930567		1772
983		1968		931388		1775
984		1969		932214		1773
985		1969		933037		1773
986		1964		933861		1779
987		1965		934679		1775
988		1964		935498		1773
989		1962		936309		1774
990		1954		937122		1768
991		1953		937927		1777
992		1949		938721		1769
993		1944		939510		1774
994		1940		940286		1769
995		1941		941066		1772
996		1937		941844		1766
997		1937		942622		1769
998		1937		943392		1766
999		1937		944163		1768
