# Migration is number of nodes that have changed color.

Round		Edge-Cut		Swaps		Migrations		Skipped
0		4360		2292		1131
1		3788		4295		1320
2		3553		6177		1362
3		3416		8005		1389
4		3295		9746		1441
5		3173		11424		1463
6		3083		13061		1474
7		3018		14646		1516
8		2934		16197		1527
9		2874		17713		1512
10		2832		19214		1537
11		2783		20655		1546
12		2739		22054		1556
13		2690		23431		1566
14		2649		24759		1566
15		2609		26055		1585
16		2575		27316		1588
17		2531		28530		1586
18		2494		29724		1605
19		2480		30876		1613
20		2468		32040		1607
21		2452		33192		1610
22		2441		34332		1626
23		2424		35454		1640
24		2401		36546		1642
25		2376		37626		1640
26		2362		38682		1641
27		2338		39739		1644
28		2317		40757		1647
29		2294		41761		1651
30		2288		42760		1656
31		2278		43748		1649
32		2272		44736		1656
33		2252		45719		1658
34		2237		46703		1668
35		2224		47664		1664
36		2209		48615		1667
37		2202		49569		1666
38		2195		50516		1660
39		2183		51466		1664
40		2180		52409		1660
41		2179		53344		1665
42		2180		54274		1658
43		2176		55207		1667
44		2171		56136		1663
45		2168		57068		1668
46		2165		57993		1663
47		2164		58919		1670
48		2158		59834		1660
49		2154		60744		1665
50		2151		61655		1663
51		2147		62557		1661
52		2145		63456		1660
53		2141		64347		1667
54		2136		65230		1658
55		2134		66114		1668
56		2132		66989		1665
57		2129		67860		1669
58		2128		68731		1662
59		2126		69601		1667
60		2124		70469		1665
61		2122		71336		1668
62		2119		72197		1663
63		2115		73056		1668
64		2112		73908		1666
65		2109		74757		1672
66		2107		75605		1667
67		2106		76452		1671
68		2106		77298		1666
69		2104		78146		1667
70		2104		78993		1666
71		2103		79836		1669
72		2103		80680		1666
73		2103		81528		1669
74		2097		82367		1670
75		2094		83201		1674
76		2092		84032		1672
77		2093		84861		1674
78		2092		85695		1672
79		2091		86528		1674
80		2088		87353		1674
81		2088		88181		1674
82		2086		89008		1673
83		2084		89830		1674
84		2082		90648		1674
85		2081		91463		1678
86		2081		92277		1675
87		2080		93090		1677
88		2078		93900		1675
89		2077		94708		1677
90		2077		95515		1675
91		2075		96323		1678
92		2073		97127		1679
93		2071		97926		1682
94		2070		98724		1680
95		2068		99519		1681
96		2067		100314		1678
97		2067		101107		1680
98		2063		101900		1678
99		2063		102689		1681
100		2062		103480		1679
101		2060		104269		1683
102		2059		105057		1681
103		2059		105842		1683
104		2056		106626		1684
105		2056		107407		1686
106		2055		108189		1682
107		2054		108969		1685
108		2053		109745		1684
109		2053		110520		1686
110		2052		111294		1683
111		2049		112064		1686
112		2048		112830		1685
113		2047		113594		1686
114		2045		114357		1686
115		2044		115115		1687
116		2043		115871		1685
117		2043		116626		1687
118		2042		117382		1686
119		2042		118135		1688
120		2041		118887		1686
121		2041		119638		1688
122		2040		120390		1685
123		2040		121140		1685
124		2039		121893		1685
125		2037		122640		1687
126		2037		123387		1685
127		2037		124134		1687
128		2036		124880		1684
129		2036		125625		1686
130		2036		126370		1684
131		2036		127115		1686
132		2035		127862		1684
133		2035		128607		1686
134		2035		129352		1684
135		2035		130097		1686
136		2034		130841		1686
137		2033		131583		1688
138		2033		132326		1686
139		2033		133069		1688
140		2033		133812		1686
141		2033		134555		1688
142		2033		135298		1686
143		2033		136041		1688
144		2033		136784		1686
145		2033		137527		1688
146		2033		138270		1686
147		2033		139013		1688
148		2033		139756		1686
149		2033		140499		1688
150		2033		141242		1686
151		2033		141985		1688
152		2033		142728		1686
153		2033		143471		1688
154		2033		144214		1686
155		2031		144957		1688
156		2031		145696		1686
157		2029		146433		1688
158		2028		147167		1686
159		2027		147899		1690
160		2027		148631		1686
161		2026		149362		1687
162		2025		150093		1685
163		2025		150820		1687
164		2025		151547		1685
165		2024		152273		1688
166		2023		153001		1684
167		2022		153723		1687
168		2020		154442		1688
169		2019		155158		1690
170		2020		155875		1689
171		2022		156594		1689
172		2020		157314		1689
173		2018		158030		1691
174		2018		158745		1689
175		2018		159460		1691
176		2018		160175		1689
177		2017		160891		1692
178		2017		161604		1690
179		2015		162315		1691
180		2015		163024		1689
181		2015		163733		1691
182		2014		164443		1690
183		2013		165149		1694
184		2012		165855		1692
185		2012		166558		1694
186		2012		167261		1692
187		2011		167965		1696
188		2009		168664		1694
189		2008		169360		1696
190		2008		170055		1694
191		2008		170750		1696
192		2008		171445		1694
193		2007		172139		1695
194		2007		172832		1693
195		2005		173523		1697
196		2005		174212		1695
197		2005		174901		1697
198		2004		175591		1694
199		2004		176278		1696
200		2003		176964		1693
201		2002		177648		1694
202		2002		178331		1692
203		2002		179014		1694
204		2001		179696		1694
205		2000		180376		1696
206		1999		181054		1693
207		1999		181732		1697
208		1999		182410		1694
209		1999		183088		1695
210		1999		183765		1693
211		1999		184442		1695
212		1998		185118		1693
213		1998		185793		1695
214		1998		186468		1693
215		1998		187143		1695
216		1998		187818		1693
217		1998		188493		1695
218		1998		189168		1693
219		1998		189843		1695
220		1998		190518		1693
221		1998		191193		1695
222		1998		191868		1693
223		1998		192543		1695
224		1998		193218		1693
225		1998		193893		1695
226		1998		194568		1693
227		1998		195243		1695
228		1998		195918		1693
229		1998		196593		1695
230		1998		197268		1693
231		1998		197943		1695
232		1998		198618		1693
233		1998		199293		1695
234		1997		199967		1695
235		1997		200640		1697
236		1997		201313		1695
237		1997		201986		1697
238		1997		202659		1695
239		1997		203332		1697
240		1997		204005		1695
241		1997		204678		1697
242		1997		205351		1695
243		1996		206023		1697
244		1996		206694		1695
245		1996		207365		1697
246		1995		208035		1696
247		1994		208703		1698
248		1994		209372		1696
249		1995		210043		1697
250		1993		210712		1698
251		1994		211381		1698
252		1993		212050		1698
253		1993		212720		1698
254		1992		213387		1698
255		1993		214054		1698
256		1992		214721		1698
257		1992		215389		1697
258		1991		216054		1697
259		1991		216718		1697
260		1991		217382		1697
261		1991		218046		1697
262		1991		218710		1697
263		1991		219374		1697
264		1991		220038		1697
265		1990		220701		1697
266		1990		221363		1697
267		1989		222024		1699
268		1988		222683		1699
269		1988		223341		1699
270		1987		223998		1699
271		1986		224653		1699
272		1986		225307		1699
273		1986		225961		1699
274		1986		226615		1699
275		1986		227269		1699
276		1986		227923		1699
277		1986		228577		1699
278		1986		229231		1699
279		1986		229885		1699
280		1986		230539		1699
281		1986		231193		1699
282		1985		231846		1700
283		1984		232497		1700
284		1985		233149		1699
285		1985		233802		1699
286		1985		234455		1699
287		1985		235107		1699
288		1985		235759		1699
289		1984		236410		1701
290		1984		237060		1701
291		1984		237710		1701
292		1984		238360		1701
293		1984		239010		1701
294		1984		239660		1701
295		1984		240310		1701
296		1984		240960		1701
297		1984		241610		1701
298		1984		242260		1701
299		1984		242910		1701
300		1984		243560		1701
301		1983		244211		1701
302		1983		244861		1701
303		1983		245511		1701
304		1983		246161		1701
305		1983		246811		1701
306		1983		247461		1701
307		1983		248111		1701
308		1983		248761		1701
309		1983		249411		1701
310		1983		250061		1701
311		1983		250711		1701
312		1983		251361		1701
313		1983		252011		1701
314		1983		252661		1701
315		1983		253311		1701
316		1983		253961		1701
317		1982		254610		1699
318		1982		255258		1699
319		1982		255906		1699
320		1982		256554		1699
321		1982		257202		1699
322		1982		257850		1699
323		1982		258498		1699
324		1982		259146		1699
325		1982		259794		1699
326		1982		260442		1699
327		1982		261090		1699
328		1982		261738		1699
329		1982		262386		1699
330		1982		263034		1699
331		1982		263682		1699
332		1982		264330		1699
333		1981		264977		1700
334		1981		265623		1700
335		1981		266269		1700
336		1981		266915		1700
337		1981		267561		1700
338		1981		268207		1700
339		1981		268853		1700
340		1981		269499		1700
341		1981		270145		1700
342		1981		270791		1700
343		1981		271437		1700
344		1981		272083		1700
345		1981		272729		1700
346		1981		273375		1700
347		1981		274021		1700
348		1981		274667		1700
349		1981		275313		1700
350		1981		275959		1700
351		1981		276605		1700
352		1981		277251		1700
353		1981		277897		1700
354		1981		278543		1700
355		1981		279189		1700
356		1980		279836		1699
357		1980		280480		1699
358		1980		281124		1699
359		1980		281768		1699
360		1979		282413		1700
361		1979		283055		1700
362		1979		283697		1700
363		1978		284338		1700
364		1978		284978		1700
365		1978		285618		1700
366		1978		286258		1700
367		1978		286898		1700
368		1978		287538		1700
369		1978		288178		1700
370		1978		288818		1700
371		1978		289458		1700
372		1978		290098		1700
373		1978		290738		1700
374		1978		291378		1700
375		1978		292018		1700
376		1978		292658		1700
377		1978		293298		1700
378		1978		293938		1700
379		1978		294578		1700
380		1978		295218		1700
381		1978		295858		1700
382		1978		296498		1700
383		1978		297138		1700
384		1978		297778		1700
385		1977		298417		1702
386		1977		299055		1702
387		1977		299693		1702
388		1977		300331		1702
389		1977		300969		1702
390		1977		301607		1702
391		1977		302245		1702
392		1977		302883		1702
393		1976		303520		1701
394		1976		304156		1701
395		1976		304792		1701
396		1976		305428		1701
397		1976		306064		1701
398		1976		306700		1701
399		1975		307335		1702
400		1975		307969		1702
401		1975		308603		1702
402		1975		309237		1702
403		1975		309871		1702
404		1975		310505		1702
405		1975		311139		1702
406		1975		311773		1702
407		1975		312407		1702
408		1975		313041		1702
409		1975		313675		1702
410		1975		314309		1702
411		1975		314943		1702
412		1975		315577		1702
413		1975		316211		1702
414		1975		316845		1702
415		1974		317478		1702
416		1974		318110		1702
417		1974		318742		1702
418		1974		319374		1702
419		1974		320006		1702
420		1974		320638		1702
421		1974		321270		1702
422		1974		321902		1702
423		1973		322535		1704
424		1973		323165		1704
425		1973		323795		1704
426		1973		324425		1704
427		1973		325055		1704
428		1973		325685		1704
429		1973		326315		1704
430		1973		326945		1704
431		1973		327575		1704
432		1973		328205		1704
433		1973		328835		1704
434		1973		329465		1704
435		1973		330095		1704
436		1973		330725		1704
437		1973		331355		1704
438		1973		331985		1704
439		1973		332615		1704
440		1972		333244		1703
441		1972		333872		1703
442		1972		334500		1703
443		1972		335128		1703
444		1972		335756		1703
445		1972		336384		1703
446		1972		337012		1703
447		1972		337640		1703
448		1972		338268		1703
449		1972		338896		1703
450		1972		339524		1703
451		1972		340152		1703
452		1972		340780		1703
453		1972		341408		1703
454		1972		342036		1703
455		1972		342664		1703
456		1972		343292		1703
457		1972		343920		1703
458		1972		344548		1703
459		1972		345176		1703
460		1972		345804		1703
461		1972		346432		1703
462		1972		347060		1703
463		1972		347688		1703
464		1972		348316		1703
465		1972		348944		1703
466		1972		349572		1703
467		1972		350200		1703
468		1972		350828		1703
469		1972		351456		1703
470		1972		352084		1703
471		1972		352712		1703
472		1972		353340		1703
473		1972		353968		1703
474		1972		354596		1703
475		1972		355224		1703
476		1972		355852		1703
477		1972		356480		1703
478		1972		357108		1703
479		1972		357736		1703
480		1972		358364		1703
481		1972		358992		1703
482		1972		359620		1703
483		1972		360248		1703
484		1972		360876		1703
485		1972		361504		1703
486		1972		362132		1703
487		1972		362760		1703
488		1972		363388		1703
489		1972		364016		1703
490		1972		364644		1703
491		1972		365272		1703
492		1972		365900		1703
493		1972		366528		1703
494		1972		367156		1703
495		1972		367784		1703
496		1972		368412		1703
497		1972		369040		1703
498		1972		369668		1703
499		1972		370296		1703
500		1972		370924		1703
501		1972		371552		1703
502		1972		372180		1703
503		1972		372808		1703
504		1972		373436		1703
505		1972		374064		1703
506		1972		374692		1703
507		1972		375320		1703
508		1972		375948		1703
509		1972		376576		1703
510		1972		377204		1703
511		1971		377833		1705
512		1971		378461		1705
513		1971		379089		1705
514		1971		379717		1705
515		1971		380345		1705
516		1971		380973		1705
517		1971		381601		1705
518		1971		382229		1705
519		1970		382859		1704
520		1970		383487		1704
521		1970		384115		1704
522		1970		384743		1704
523		1970		385371		1704
524		1970		385999		1704
525		1970		386627		1704
526		1969		387254		1702
527		1969		387880		1702
528		1969		388506		1702
529		1969		389132		1702
530		1969		389758		1702
531		1969		390384		1702
532		1969		391010		1702
533		1969		391636		1702
534		1969		392262		1702
535		1969		392888		1702
536		1968		393513		1703
537		1968		394137		1703
538		1967		394760		1703
539		1967		395382		1703
540		1967		396004		1703
541		1967		396626		1703
542		1967		397248		1703
543		1967		397870		1703
544		1967		398492		1703
545		1967		399114		1703
546		1967		399736		1703
547		1967		400358		1703
548		1967		400980		1703
549		1967		401602		1703
550		1967		402224		1703
551		1967		402846		1703
552		1966		403467		1705
553		1966		404087		1705
554		1966		404707		1705
555		1966		405327		1705
556		1966		405947		1705
557		1965		406566		1703
558		1965		407184		1703
559		1965		407802		1703
560		1965		408420		1703
561		1965		409038		1703
562		1965		409656		1703
563		1965		410274		1703
564		1965		410892		1703
565		1965		411510		1703
566		1965		412128		1703
567		1965		412746		1703
568		1965		413364		1703
569		1965		413982		1703
570		1965		414600		1703
571		1965		415218		1703
572		1965		415836		1703
573		1965		416454		1703
574		1965		417072		1703
575		1965		417690		1703
576		1964		418309		1703
577		1964		418925		1703
578		1964		419541		1703
579		1964		420157		1703
580		1964		420773		1703
581		1963		421388		1703
582		1963		422002		1703
583		1963		422616		1703
584		1963		423230		1703
585		1963		423844		1703
586		1963		424458		1703
587		1963		425072		1703
588		1963		425686		1703
589		1963		426300		1703
590		1963		426914		1703
591		1963		427528		1703
592		1963		428142		1703
593		1963		428756		1703
594		1963		429370		1703
595		1963		429984		1703
596		1963		430598		1703
597		1963		431212		1703
598		1963		431826		1703
599		1963		432440		1703
600		1963		433054		1703
601		1963		433668		1703
602		1963		434282		1703
603		1963		434896		1703
604		1962		435509		1704
605		1962		436121		1704
606		1962		436733		1704
607		1962		437345		1704
608		1962		437957		1704
609		1962		438569		1704
610		1962		439181		1704
611		1962		439793		1704
612		1962		440405		1704
613		1962		441017		1704
614		1962		441629		1704
615		1962		442241		1704
616		1962		442853		1704
617		1962		443465		1704
618		1962		444077		1704
619		1962		444689		1704
620		1962		445301		1704
621		1962		445913		1704
622		1962		446525		1704
623		1962		447137		1704
624		1962		447749		1704
625		1962		448361		1704
626		1962		448973		1704
627		1962		449585		1704
628		1962		450197		1704
629		1962		450809		1704
630		1962		451421		1704
631		1962		452033		1704
632		1962		452645		1704
633		1962		453257		1704
634		1962		453869		1704
635		1962		454481		1704
636		1962		455093		1704
637		1962		455705		1704
638		1962		456317		1704
639		1962		456929		1704
640		1962		457541		1704
641		1962		458153		1704
642		1962		458765		1704
643		1962		459377		1704
644		1962		459989		1704
645		1961		460600		1704
646		1961		461210		1704
647		1961		461820		1704
648		1961		462430		1704
649		1961		463040		1704
650		1961		463650		1704
651		1961		464260		1704
652		1961		464870		1704
653		1961		465480		1704
654		1961		466090		1704
655		1961		466700		1704
656		1961		467310		1704
657		1961		467920		1704
658		1961		468530		1704
659		1961		469140		1704
660		1961		469750		1704
661		1961		470360		1704
662		1961		470970		1704
663		1960		471579		1705
664		1960		472187		1705
665		1960		472795		1705
666		1960		473403		1705
667		1960		474011		1705
668		1960		474619		1705
669		1960		475227		1705
670		1960		475835		1705
671		1960		476443		1705
672		1960		477051		1705
673		1960		477659		1705
674		1960		478267		1705
675		1960		478875		1705
676		1960		479483		1705
677		1960		480091		1705
678		1960		480699		1705
679		1960		481307		1705
680		1960		481915		1705
681		1960		482523		1705
682		1960		483131		1705
683		1960		483739		1705
684		1959		484348		1705
685		1959		484954		1705
686		1959		485560		1705
687		1959		486166		1705
688		1959		486772		1705
689		1959		487378		1705
690		1959		487984		1705
691		1959		488590		1705
692		1959		489196		1705
693		1959		489802		1705
694		1959		490408		1705
695		1959		491014		1705
696		1959		491620		1705
697		1959		492226		1705
698		1959		492832		1705
699		1959		493438		1705
700		1959		494044		1705
701		1959		494650		1705
702		1959		495256		1705
703		1959		495862		1705
704		1959		496468		1705
705		1958		497075		1706
706		1958		497679		1706
707		1958		498283		1706
708		1958		498887		1706
709		1958		499491		1706
710		1958		500095		1706
711		1958		500699		1706
712		1958		501303		1706
713		1958		501907		1706
714		1958		502511		1706
715		1958		503115		1706
716		1958		503719		1706
717		1958		504323		1706
718		1958		504927		1706
719		1958		505531		1706
720		1958		506135		1706
721		1958		506739		1706
722		1958		507343		1706
723		1958		507947		1706
724		1958		508551		1706
725		1958		509155		1706
726		1958		509759		1706
727		1958		510363		1706
728		1958		510967		1706
729		1958		511571		1706
730		1958		512175		1706
731		1958		512779		1706
732		1958		513383		1706
733		1958		513987		1706
734		1958		514591		1706
735		1958		515195		1706
736		1958		515799		1706
737		1957		516402		1706
738		1957		517004		1706
739		1956		517607		1706
740		1956		518207		1706
741		1956		518807		1706
742		1956		519407		1706
743		1956		520007		1706
744		1956		520607		1706
745		1956		521207		1706
746		1956		521807		1706
747		1956		522407		1706
748		1956		523007		1706
749		1956		523607		1706
750		1956		524207		1706
751		1956		524807		1706
752		1956		525407		1706
753		1956		526007		1706
754		1956		526607		1706
755		1956		527207		1706
756		1956		527807		1706
757		1956		528407		1706
758		1956		529007		1706
759		1956		529607		1706
760		1956		530207		1706
761		1956		530807		1706
762		1955		531408		1704
763		1955		532008		1704
764		1955		532608		1704
765		1955		533208		1704
766		1955		533808		1704
767		1955		534408		1704
768		1955		535008		1704
769		1955		535608		1704
770		1955		536208		1704
771		1955		536808		1704
772		1955		537408		1704
773		1955		538008		1704
774		1955		538608		1704
775		1955		539208		1704
776		1955		539808		1704
777		1955		540408		1704
778		1955		541008		1704
779		1955		541608		1704
780		1955		542208		1704
781		1955		542808		1704
782		1955		543408		1704
783		1955		544008		1704
784		1955		544608		1704
785		1955		545208		1704
786		1955		545808		1704
787		1955		546408		1704
788		1955		547008		1704
789		1955		547608		1704
790		1955		548208		1704
791		1955		548808		1704
792		1955		549408		1704
793		1955		550008		1704
794		1955		550608		1704
795		1955		551208		1704
796		1955		551808		1704
797		1954		552409		1706
798		1954		553007		1706
799		1954		553605		1706
800		1954		554203		1706
801		1954		554801		1706
802		1954		555399		1706
803		1954		555997		1706
804		1954		556595		1706
805		1954		557193		1706
806		1954		557791		1706
807		1954		558389		1706
808		1954		558987		1706
809		1954		559585		1706
810		1954		560183		1706
811		1954		560781		1706
812		1954		561379		1706
813		1954		561977		1706
814		1954		562575		1706
815		1954		563173		1706
816		1954		563771		1706
817		1954		564369		1706
818		1954		564967		1706
819		1954		565565		1706
820		1954		566163		1706
821		1954		566761		1706
822		1954		567359		1706
823		1954		567957		1706
824		1954		568555		1706
825		1954		569153		1706
826		1954		569751		1706
827		1954		570349		1706
828		1954		570947		1706
829		1954		571545		1706
830		1954		572143		1706
831		1954		572741		1706
832		1954		573339		1706
833		1954		573937		1706
834		1954		574535		1706
835		1954		575133		1706
836		1954		575731		1706
837		1954		576329		1706
838		1954		576927		1706
839		1954		577525		1706
840		1954		578123		1706
841		1954		578721		1706
842		1954		579319		1706
843		1954		579917		1706
844		1954		580515		1706
845		1954		581113		1706
846		1954		581711		1706
847		1954		582309		1706
848		1954		582907		1706
849		1954		583505		1706
850		1954		584103		1706
851		1954		584701		1706
852		1954		585299		1706
853		1953		585896		1706
854		1953		586492		1706
855		1952		587087		1708
856		1952		587681		1708
857		1952		588275		1708
858		1952		588869		1708
859		1952		589463		1708
860		1952		590057		1708
861		1952		590651		1708
862		1951		591244		1708
863		1951		591836		1708
864		1951		592428		1708
865		1951		593020		1708
866		1951		593612		1708
867		1951		594204		1708
868		1951		594796		1708
869		1951		595388		1708
870		1951		595980		1708
871		1951		596572		1708
872		1951		597164		1708
873		1951		597756		1708
874		1951		598348		1708
875		1951		598940		1708
876		1951		599532		1708
877		1951		600124		1708
878		1951		600716		1708
879		1951		601308		1708
880		1951		601900		1708
881		1951		602492		1708
882		1951		603084		1708
883		1951		603676		1708
884		1951		604268		1708
885		1951		604860		1708
886		1951		605452		1708
887		1951		606044		1708
888		1951		606636		1708
889		1951		607228		1708
890		1951		607820		1708
891		1951		608412		1708
892		1951		609004		1708
893		1951		609596		1708
894		1951		610188		1708
895		1951		610780		1708
896		1951		611372		1708
897		1951		611964		1708
898		1951		612556		1708
899		1951		613148		1708
900		1951		613740		1708
901		1951		614332		1708
902		1950		614923		1710
903		1950		615513		1710
904		1950		616103		1710
905		1950		616693		1710
906		1950		617283		1710
907		1950		617873		1710
908		1950		618463		1710
909		1950		619053		1710
910		1950		619643		1710
911		1950		620233		1710
912		1950		620823		1710
913		1950		621413		1710
914		1950		622003		1710
915		1950		622593		1710
916		1950		623183		1710
917		1950		623773		1710
918		1950		624363		1710
919		1950		624953		1710
920		1949		625542		1710
921		1949		626130		1710
922		1949		626718		1710
923		1949		627306		1710
924		1949		627894		1710
925		1949		628482		1710
926		1949		629070		1710
927		1949		629658		1710
928		1949		630246		1710
929		1949		630834		1710
930		1949		631422		1710
931		1949		632010		1710
932		1949		632598		1710
933		1949		633186		1710
934		1949		633774		1710
935		1949		634362		1710
936		1949		634950		1710
937		1949		635538		1710
938		1949		636126		1710
939		1949		636714		1710
940		1949		637302		1710
941		1948		637889		1712
942		1948		638475		1712
943		1948		639061		1712
944		1948		639647		1712
945		1947		640234		1710
946		1947		640818		1710
947		1947		641402		1710
948		1947		641986		1710
949		1947		642570		1710
950		1947		643154		1710
951		1947		643738		1710
952		1947		644322		1710
953		1947		644906		1710
954		1947		645490		1710
955		1947		646074		1710
956		1947		646658		1710
957		1947		647242		1710
958		1947		647826		1710
959		1947		648410		1710
960		1947		648994		1710
961		1947		649578		1710
962		1947		650162		1710
963		1947		650746		1710
964		1946		651329		1710
965		1946		651911		1710
966		1946		652493		1710
967		1946		653075		1710
968		1945		653658		1710
969		1945		654240		1710
970		1945		654822		1710
971		1945		655404		1710
972		1945		655986		1710
973		1945		656568		1710
974		1945		657150		1710
975		1945		657732		1710
976		1945		658314		1710
977		1944		658895		1710
978		1944		659475		1710
979		1944		660055		1710
980		1944		660635		1710
981		1944		661215		1710
982		1944		661795		1710
983		1944		662375		1710
984		1944		662955		1710
985		1944		663535		1710
986		1944		664115		1710
987		1944		664695		1710
988		1944		665275		1710
989		1944		665855		1710
990		1943		666434		1712
991		1943		667012		1712
992		1943		667590		1712
993		1943		668168		1712
994		1943		668746		1712
995		1943		669324		1712
996		1943		669902		1712
997		1943		670480		1712
998		1943		671058		1712
999		1943		671636		1712
