# Migration is number of nodes that have changed color.

Round		Edge-Cut		Swaps		Migrations		Skipped
0		4362		2285		1067
1		3795		4360		1304
2		3596		6334		1386
3		3486		8234		1435
4		3420		10100		1497
5		3379		11924		1532
6		3371		13729		1513
7		3350		15504		1571
8		3308		17272		1564
9		3305		18999		1587
10		3306		20746		1608
11		3320		22510		1609
12		3317		24285		1624
13		3272		26043		1639
14		3239		27748		1644
15		3247		29473		1670
16		3223		31169		1659
17		3193		32865		1685
18		3177		34520		1701
19		3164		36172		1688
20		3187		37830		1689
21		3161		39482		1696
22		3140		41110		1700
23		3122		42723		1708
24		3128		44370		1704
25		3149		46020		1720
26		3155		47666		1731
27		3138		49320		1731
28		3133		50977		1723
29		3109		52589		1743
30		3109		54170		1752
31		3104		55751		1750
32		3101		57324		1734
33		3082		58894		1744
34		3087		60460		1740
35		3048		62028		1748
36		3047		63558		1751
37		3034		65109		1757
38		3023		66636		1755
39		3047		68159		1738
40		3035		69688		1742
41		3006		71196		1762
42		3011		72690		1768
43		3021		74209		1781
44		2965		75699		1764
45		2975		77148		1770
46		2991		78603		1773
47		2986		80079		1762
48		3004		81577		1774
49		2983		83079		1795
50		3009		84574		1787
51		3004		86066		1779
52		2996		87541		1772
53		3004		89043		1763
54		2980		90526		1768
55		2990		92004		1766
56		2972		93504		1760
57		2965		94975		1764
58		2976		96429		1760
59		2977		97910		1762
60		2981		99383		1742
61		2971		100860		1754
62		2968		102325		1757
63		2985		103801		1766
64		2951		105255		1762
65		2944		106695		1774
66		2933		108108		1751
67		2934		109512		1766
68		2921		110911		1764
69		2912		112305		1767
70		2923		113718		1765
71		2925		115133		1774
72		2911		116538		1762
73		2902		117929		1761
74		2867		119308		1755
75		2878		120676		1757
76		2868		122023		1753
77		2855		123376		1750
78		2854		124719		1725
79		2856		126070		1734
80		2866		127427		1731
81		2858		128759		1725
82		2851		130098		1732
83		2841		131445		1738
84		2820		132756		1732
85		2821		134067		1752
86		2805		135384		1752
87		2803		136677		1773
88		2810		137985		1782
89		2813		139299		1771
90		2797		140588		1788
91		2786		141865		1780
92		2758		143132		1793
93		2765		144389		1780
94		2749		145610		1770
95		2748		146821		1784
96		2737		148051		1779
97		2724		149266		1788
98		2727		150479		1784
99		2728		151689		1783
100		2718		152893		1772
101		2703		154081		1763
102		2684		155260		1763
103		2683		156421		1770
104		2668		157594		1766
105		2649		158754		1774
106		2649		159898		1772
107		2645		161024		1773
108		2641		162144		1772
109		2620		163260		1761
110		2607		164359		1755
111		2617		165445		1758
112		2612		166538		1755
113		2594		167624		1754
114		2595		168701		1756
115		2591		169758		1753
116		2594		170826		1758
117		2603		171897		1755
118		2586		172966		1777
119		2594		174036		1757
120		2573		175091		1760
121		2552		176117		1769
122		2556		177136		1759
123		2563		178151		1761
124		2552		179169		1766
125		2550		180178		1752
126		2539		181173		1756
127		2537		182159		1747
128		2538		183136		1754
129		2528		184138		1741
130		2536		185120		1761
131		2532		186097		1743
132		2526		187071		1757
133		2521		188032		1740
134		2525		189003		1753
135		2523		189969		1748
136		2523		190947		1760
137		2526		191904		1754
138		2520		192858		1763
139		2519		193818		1756
140		2518		194782		1757
141		2515		195733		1757
142		2513		196689		1753
143		2496		197643		1751
144		2492		198574		1761
145		2483		199490		1762
146		2485		200404		1756
147		2470		201298		1760
148		2470		202191		1766
149		2453		203057		1763
150		2449		203919		1764
151		2440		204760		1759
152		2439		205601		1767
153		2437		206441		1767
154		2436		207278		1767
155		2434		208111		1760
156		2437		208945		1763
157		2433		209780		1764
158		2425		210605		1761
159		2427		211426		1760
160		2425		212252		1756
161		2422		213064		1762
162		2416		213874		1764
163		2413		214678		1767
164		2403		215470		1764
165		2407		216259		1762
166		2407		217056		1757
167		2413		217852		1760
168		2413		218650		1765
169		2416		219449		1764
170		2412		220244		1769
171		2407		221034		1766
172		2413		221822		1765
173		2410		222620		1768
174		2404		223413		1768
175		2405		224201		1773
176		2404		224990		1778
177		2406		225777		1771
178		2400		226569		1773
179		2400		227350		1771
180		2396		228132		1764
181		2392		228914		1764
182		2385		229680		1765
183		2387		230442		1765
184		2389		231209		1768
185		2384		231969		1773
186		2387		232726		1773
187		2386		233489		1774
188		2385		234255		1778
189		2384		235016		1782
190		2384		235772		1784
191		2379		236530		1784
192		2380		237276		1786
193		2373		238022		1783
194		2370		238755		1783
195		2366		239482		1780
196		2360		240215		1778
197		2359		240938		1779
198		2358		241654		1774
199		2350		242365		1778
200		2346		243067		1778
201		2345		243764		1782
202		2341		244460		1779
203		2342		245159		1777
204		2341		245854		1778
205		2340		246550		1777
206		2339		247241		1775
207		2340		247937		1778
208		2336		248623		1776
209		2335		249309		1774
210		2335		249994		1775
211		2336		250678		1776
212		2334		251361		1779
213		2335		252039		1778
214		2333		252720		1778
215		2330		253398		1778
216		2330		254069		1779
217		2328		254741		1779
218		2331		255417		1779
219		2331		256093		1781
220		2330		256763		1778
221		2329		257436		1775
222		2327		258103		1777
223		2328		258769		1777
224		2328		259434		1777
225		2324		260093		1778
226		2320		260746		1776
227		2318		261398		1777
228		2317		262048		1775
229		2316		262695		1774
230		2316		263339		1774
231		2316		263984		1774
232		2315		264630		1774
233		2315		265274		1772
234		2315		265916		1772
235		2316		266557		1775
236		2314		267201		1773
237		2314		267844		1775
238		2313		268487		1775
239		2313		269127		1775
240		2314		269766		1774
241		2314		270406		1774
242		2312		271046		1776
243		2313		271683		1775
244		2313		272324		1773
245		2312		272964		1776
246		2311		273601		1776
247		2312		274240		1776
248		2311		274880		1778
249		2310		275517		1778
250		2309		276152		1778
251		2308		276785		1778
252		2308		277415		1778
253		2308		278045		1776
254		2306		278673		1777
255		2305		279300		1777
256		2303		279926		1775
257		2302		280547		1774
258		2302		281167		1774
259		2302		281787		1774
260		2302		282407		1774
261		2301		283026		1774
262		2300		283643		1774
263		2299		284258		1774
264		2297		284872		1772
265		2296		285479		1773
266		2295		286086		1774
267		2297		286695		1774
268		2296		287302		1773
269		2293		287909		1776
270		2293		288512		1776
271		2293		289115		1775
272		2295		289721		1776
273		2293		290327		1775
274		2295		290933		1776
275		2293		291541		1777
276		2293		292145		1777
277		2293		292749		1777
278		2292		293354		1777
279		2291		293957		1778
280		2290		294558		1779
281		2290		295156		1779
282		2290		295754		1779
283		2289		296353		1777
284		2289		296951		1779
285		2290		297550		1780
286		2288		298146		1779
287		2289		298746		1780
288		2290		299343		1779
289		2289		299942		1780
290		2289		300540		1780
291		2289		301138		1780
292		2288		301735		1778
293		2288		302332		1778
294		2288		302928		1778
295		2288		303524		1778
296		2288		304120		1778
297		2288		304716		1778
298		2288		305312		1778
299		2288		305908		1778
300		2288		306504		1778
301		2288		307100		1778
302		2288		307696		1778
303		2288		308292		1778
304		2288		308888		1778
305		2288		309484		1778
306		2288		310080		1778
307		2288		310676		1778
308		2288		311272		1778
309		2288		311868		1778
310		2288		312464		1778
311		2288		313060		1778
312		2288		313656		1778
313		2288		314252		1778
314		2288		314848		1778
315		2288		315444		1778
316		2288		316040		1778
317		2288		316636		1778
318		2288		317232		1778
319		2288		317828		1778
320		2288		318424		1778
321		2288		319020		1778
322		2288		319616		1778
323		2288		320212		1778
324		2288		320808		1778
325		2288		321404		1778
326		2288		322000		1778
327		2288		322596		1778
328		2288		323192		1778
329		2288		323788		1778
330		2288		324384		1778
331		2288		324980		1778
332		2288		325576		1778
333		2288		326172		1778
334		2288		326768		1778
335		2288		327364		1778
336		2288		327960		1778
337		2288		328556		1778
338		2288		329152		1778
339		2288		329748		1778
340		2288		330344		1778
341		2288		330940		1778
342		2288		331536		1778
343		2288		332132		1778
344		2288		332728		1778
345		2288		333324		1778
346		2288		333920		1778
347		2288		334516		1778
348		2288		335112		1778
349		2288		335708		1778
350		2288		336304		1778
351		2288		336901		1777
352		2288		337499		1777
353		2288		338097		1777
354		2288		338695		1777
355		2288		339293		1777
356		2288		339891		1777
357		2288		340489		1777
358		2288		341087		1777
359		2288		341687		1778
360		2289		342284		1777
361		2288		342883		1778
362		2289		343480		1777
363		2288		344077		1776
364		2288		344676		1777
365		2288		345274		1777
366		2288		345872		1777
367		2288		346470		1777
368		2288		347068		1777
369		2289		347665		1776
370		2289		348263		1777
371		2289		348862		1777
372		2288		349462		1777
373		2288		350060		1777
374		2289		350657		1776
375		2290		351256		1776
376		2289		351856		1777
377		2289		352456		1778
378		2289		353052		1777
379		2289		353648		1779
380		2287		354242		1778
381		2286		354835		1776
382		2286		355428		1774
383		2286		356020		1774
384		2286		356612		1774
385		2285		357203		1774
386		2285		357793		1774
387		2284		358382		1774
388		2283		358969		1774
389		2282		359554		1774
390		2281		360137		1774
391		2281		360719		1774
392		2280		361300		1774
393		2279		361879		1775
394		2279		362457		1775
395		2278		363034		1775
396		2277		363609		1775
397		2276		364182		1776
398		2276		364754		1776
399		2275		365325		1775
400		2275		365895		1775
401		2274		366466		1775
402		2274		367034		1775
403		2274		367602		1775
404		2274		368170		1775
405		2273		368739		1775
406		2273		369305		1775
407		2272		369870		1775
408		2273		370438		1774
409		2272		371004		1776
410		2271		371569		1775
411		2271		372131		1775
412		2271		372693		1775
413		2271		373255		1775
414		2271		373817		1775
415		2270		374378		1775
416		2269		374939		1776
417		2269		375497		1776
418		2269		376055		1776
419		2269		376613		1776
420		2268		377172		1776
421		2267		377729		1776
422		2266		378284		1775
423		2265		378837		1773
424		2264		379388		1772
425		2266		379941		1773
426		2266		380492		1772
427		2267		381042		1773
428		2266		381593		1773
429		2267		382144		1773
430		2265		382697		1771
431		2265		383248		1773
432		2265		383798		1773
433		2265		384348		1773
434		2265		384897		1771
435		2263		385447		1773
436		2263		385995		1773
437		2263		386543		1773
438		2263		387091		1773
439		2263		387639		1773
440		2263		388187		1773
441		2263		388735		1773
442		2263		389283		1773
443		2263		389831		1773
444		2263		390379		1773
445		2263		390927		1773
446		2263		391475		1773
447		2263		392023		1773
448		2263		392571		1773
449		2263		393119		1773
450		2263		393667		1773
451		2263		394215		1773
452		2263		394763		1773
453		2263		395311		1773
454		2263		395859		1773
455		2263		396407		1773
456		2263		396955		1773
457		2263		397503		1773
458		2263		398051		1773
459		2263		398599		1773
460		2263		399147		1773
461		2263		399695		1773
462		2263		400243		1773
463		2263		400791		1773
464		2263		401339		1773
465		2263		401887		1773
466		2263		402435		1773
467		2263		402983		1773
468		2263		403531		1773
469		2265		404082		1772
470		2264		404634		1772
471		2265		405186		1771
472		2265		405738		1771
473		2267		406288		1770
474		2266		406844		1770
475		2266		407398		1770
476		2267		407951		1771
477		2266		408506		1770
478		2267		409059		1769
479		2268		409612		1770
480		2266		410168		1770
481		2266		410722		1770
482		2267		411275		1771
483		2267		411829		1770
484		2267		412381		1770
485		2266		412936		1771
486		2266		413490		1771
487		2266		414044		1772
488		2267		414599		1770
489		2266		415152		1771
490		2265		415703		1770
491		2265		416251		1768
492		2265		416800		1769
493		2264		417347		1771
494		2263		417892		1771
495		2263		418436		1771
496		2262		418979		1771
497		2260		419519		1769
498		2259		420058		1770
499		2259		420596		1770
500		2259		421134		1770
501		2259		421672		1770
502		2259		422210		1770
503		2259		422748		1770
504		2259		423286		1770
505		2259		423824		1770
506		2259		424362		1770
507		2259		424900		1770
508		2259		425438		1770
509		2259		425976		1770
510		2259		426514		1770
511		2259		427052		1770
512		2259		427590		1770
513		2259		428128		1770
514		2258		428665		1770
515		2258		429201		1770
516		2257		429736		1769
517		2258		430272		1770
518		2258		430808		1770
519		2257		431343		1770
520		2257		431875		1770
521		2256		432406		1768
522		2255		432935		1768
523		2255		433463		1768
524		2254		433990		1767
525		2253		434517		1768
526		2251		435041		1767
527		2249		435561		1767
528		2248		436078		1767
529		2248		436592		1767
530		2248		437106		1767
531		2248		437620		1767
532		2246		438132		1765
533		2246		438642		1765
534		2246		439152		1765
535		2245		439661		1766
536		2244		440168		1767
537		2244		440674		1767
538		2243		441179		1768
539		2242		441682		1768
540		2242		442184		1768
541		2241		442685		1769
542		2240		443184		1767
543		2240		443682		1767
544		2239		444181		1765
545		2238		444676		1766
546		2238		445170		1766
547		2237		445663		1766
548		2235		446153		1767
549		2234		446640		1766
550		2233		447127		1767
551		2231		447611		1766
552		2230		448094		1767
553		2230		448576		1767
554		2230		449058		1767
555		2230		449540		1767
556		2230		450022		1767
557		2230		450504		1767
558		2230		450986		1767
559		2230		451468		1767
560		2230		451950		1767
561		2230		452432		1767
562		2230		452914		1767
563		2230		453396		1767
564		2230		453881		1764
565		2230		454365		1764
566		2230		454849		1764
567		2230		455333		1764
568		2230		455817		1764
569		2230		456301		1764
570		2230		456785		1764
571		2230		457269		1764
572		2230		457753		1764
573		2230		458237		1764
574		2230		458721		1764
575		2230		459205		1764
576		2230		459689		1764
577		2230		460173		1764
578		2230		460657		1764
579		2230		461141		1764
580		2230		461625		1764
581		2230		462109		1764
582		2230		462593		1764
583		2230		463077		1764
584		2230		463561		1764
585		2230		464045		1764
586		2230		464529		1764
587		2230		465013		1764
588		2230		465497		1764
589		2230		465981		1764
590		2230		466465		1764
591		2230		466949		1764
592		2230		467433		1764
593		2230		467917		1764
594		2230		468401		1764
595		2230		468885		1764
596		2230		469369		1764
597		2230		469853		1764
598		2230		470337		1764
599		2230		470821		1764
600		2230		471305		1764
601		2230		471789		1764
602		2230		472273		1764
603		2230		472758		1766
604		2230		473242		1766
605		2230		473726		1766
606		2230		474210		1766
607		2230		474694		1766
608		2230		475178		1766
609		2230		475662		1766
610		2230		476146		1766
611		2230		476630		1766
612		2230		477114		1766
613		2230		477598		1766
614		2230		478082		1766
615		2230		478566		1766
616		2230		479050		1766
617		2230		479534		1766
618		2230		480018		1766
619		2230		480502		1766
620		2230		480986		1766
621		2230		481470		1766
622		2230		481954		1766
623		2230		482438		1766
624		2230		482922		1766
625		2230		483406		1766
626		2230		483890		1766
627		2230		484374		1766
628		2230		484858		1766
629		2230		485342		1766
630		2230		485826		1766
631		2230		486310		1766
632		2230		486794		1766
633		2230		487278		1766
634		2230		487762		1766
635		2230		488246		1766
636		2230		488730		1766
637		2230		489214		1766
638		2230		489698		1766
639		2230		490182		1766
640		2230		490666		1766
641		2230		491150		1766
642		2230		491634		1766
643		2230		492118		1766
644		2230		492602		1766
645		2230		493086		1766
646		2230		493570		1766
647		2230		494054		1766
648		2230		494538		1766
649		2230		495022		1766
650		2230		495506		1766
651		2230		495990		1766
652		2230		496474		1766
653		2230		496958		1766
654		2230		497442		1766
655		2230		497926		1766
656		2230		498410		1766
657		2230		498894		1766
658		2230		499378		1766
659		2230		499862		1766
660		2230		500346		1766
661		2230		500830		1766
662		2230		501314		1766
663		2230		501798		1766
664		2230		502282		1766
665		2230		502766		1766
666		2230		503250		1766
667		2230		503734		1766
668		2230		504218		1766
669		2230		504702		1766
670		2230		505186		1766
671		2230		505670		1766
672		2230		506154		1766
673		2230		506638		1766
674		2230		507122		1766
675		2230		507606		1766
676		2230		508090		1766
677		2230		508574		1766
678		2230		509058		1766
679		2230		509542		1766
680		2230		510026		1766
681		2230		510510		1766
682		2230		510994		1766
683		2230		511478		1766
684		2230		511962		1766
685		2230		512446		1766
686		2230		512930		1766
687		2230		513414		1766
688		2230		513898		1766
689		2230		514382		1766
690		2230		514866		1766
691		2230		515350		1766
692		2230		515834		1766
693		2230		516318		1766
694		2230		516802		1766
695		2230		517286		1766
696		2230		517770		1766
697		2230		518254		1766
698		2230		518738		1766
699		2230		519222		1766
700		2230		519706		1766
701		2230		520190		1766
702		2230		520674		1766
703		2230		521158		1766
704		2230		521642		1766
705		2230		522126		1766
706		2230		522610		1766
707		2230		523094		1766
708		2230		523578		1766
709		2230		524062		1766
710		2230		524546		1766
711		2230		525030		1766
712		2230		525514		1766
713		2230		525998		1766
714		2230		526482		1766
715		2230		526966		1766
716		2230		527450		1766
717		2230		527934		1766
718		2230		528418		1766
719		2230		528902		1766
720		2230		529386		1766
721		2230		529870		1766
722		2230		530354		1766
723		2230		530838		1766
724		2230		531322		1766
725		2230		531806		1766
726		2230		532290		1766
727		2230		532774		1766
728		2230		533258		1766
729		2230		533742		1766
730		2230		534226		1766
731		2230		534710		1766
732		2230		535194		1766
733		2230		535678		1766
734		2230		536162		1766
735		2230		536646		1766
736		2230		537130		1766
737		2230		537614		1766
738		2230		538098		1766
739		2230		538582		1766
740		2230		539066		1766
741		2230		539550		1766
742		2230		540034		1766
743		2230		540518		1766
744		2230		541002		1766
745		2230		541486		1766
746		2230		541970		1766
747		2230		542454		1766
748		2230		542938		1766
749		2230		543422		1766
750		2230		543906		1766
751		2230		544390		1766
752		2230		544874		1766
753		2230		545358		1766
754		2230		545842		1766
755		2230		546326		1766
756		2230		546810		1766
757		2230		547294		1766
758		2230		547778		1766
759		2230		548262		1766
760		2230		548746		1766
761		2230		549230		1766
762		2230		549714		1766
763		2230		550198		1766
764		2230		550682		1766
765		2230		551166		1766
766		2230		551650		1766
767		2230		552134		1766
768		2230		552618		1766
769		2230		553102		1766
770		2230		553586		1766
771		2230		554070		1766
772		2230		554554		1766
773		2230		555038		1766
774		2230		555522		1766
775		2230		556006		1766
776		2230		556490		1766
777		2230		556974		1766
778		2230		557458		1766
779		2230		557942		1766
780		2230		558426		1766
781		2230		558910		1766
782		2230		559394		1766
783		2230		559878		1766
784		2230		560362		1766
785		2230		560846		1766
786		2230		561330		1766
787		2230		561814		1766
788		2230		562298		1766
789		2230		562782		1766
790		2230		563266		1766
791		2230		563750		1766
792		2230		564234		1766
793		2230		564718		1766
794		2230		565202		1766
795		2230		565686		1766
796		2230		566170		1766
797		2230		566654		1766
798		2230		567138		1766
799		2230		567622		1766
800		2230		568106		1766
801		2230		568590		1766
802		2230		569074		1766
803		2230		569558		1766
804		2230		570042		1766
805		2230		570526		1766
806		2230		571010		1766
807		2230		571494		1766
808		2230		571978		1766
809		2230		572462		1766
810		2230		572946		1766
811		2230		573430		1766
812		2230		573914		1766
813		2230		574398		1766
814		2230		574882		1766
815		2230		575366		1766
816		2230		575850		1766
817		2230		576334		1766
818		2230		576818		1766
819		2230		577302		1766
820		2230		577786		1766
821		2230		578270		1766
822		2230		578754		1766
823		2230		579238		1766
824		2230		579722		1766
825		2230		580206		1766
826		2230		580690		1766
827		2230		581174		1766
828		2230		581658		1766
829		2230		582142		1766
830		2230		582626		1766
831		2230		583110		1766
832		2230		583594		1766
833		2230		584078		1766
834		2230		584562		1766
835		2230		585046		1766
836		2230		585530		1766
837		2230		586014		1766
838		2230		586498		1766
839		2230		586982		1766
840		2230		587466		1766
841		2230		587950		1766
842		2230		588434		1766
843		2230		588918		1766
844		2230		589402		1766
845		2230		589886		1766
846		2230		590370		1766
847		2230		590854		1766
848		2230		591338		1766
849		2230		591822		1766
850		2230		592306		1766
851		2230		592790		1766
852		2230		593274		1766
853		2230		593758		1766
854		2230		594242		1766
855		2230		594726		1766
856		2230		595210		1766
857		2230		595694		1766
858		2230		596178		1766
859		2230		596662		1766
860		2230		597146		1766
861		2230		597630		1766
862		2230		598114		1766
863		2230		598598		1766
864		2230		599082		1766
865		2230		599566		1766
866		2230		600050		1766
867		2230		600534		1766
868		2230		601018		1766
869		2230		601502		1766
870		2230		601986		1766
871		2230		602470		1766
872		2230		602954		1766
873		2230		603438		1766
874		2230		603922		1766
875		2230		604406		1766
876		2230		604890		1766
877		2230		605374		1766
878		2230		605858		1766
879		2230		606342		1766
880		2230		606826		1766
881		2230		607310		1766
882		2230		607794		1766
883		2230		608278		1766
884		2230		608762		1766
885		2230		609246		1766
886		2230		609730		1766
887		2230		610214		1766
888		2230		610698		1766
889		2230		611182		1766
890		2230		611666		1766
891		2230		612150		1766
892		2230		612634		1766
893		2230		613118		1766
894		2230		613602		1766
895		2230		614086		1766
896		2230		614570		1766
897		2230		615054		1766
898		2230		615538		1766
899		2230		616022		1766
900		2230		616506		1766
901		2230		616990		1766
902		2230		617474		1766
903		2230		617958		1766
904		2230		618442		1766
905		2230		618926		1766
906		2230		619410		1766
907		2230		619894		1766
908		2230		620378		1766
909		2230		620862		1766
910		2230		621346		1766
911		2230		621830		1766
912		2230		622314		1766
913		2230		622798		1766
914		2230		623282		1766
915		2230		623766		1766
916		2230		624250		1766
917		2230		624734		1766
918		2230		625218		1766
919		2230		625702		1766
920		2230		626186		1766
921		2230		626670		1766
922		2230		627154		1766
923		2230		627638		1766
924		2230		628122		1766
925		2230		628606		1766
926		2230		629090		1766
927		2230		629574		1766
928		2230		630058		1766
929		2230		630542		1766
930		2230		631026		1766
931		2230		631510		1766
932		2230		631994		1766
933		2230		632478		1766
934		2230		632962		1766
935		2230		633446		1766
936		2230		633930		1766
937		2230		634414		1766
938		2230		634898		1766
939		2230		635382		1766
940		2230		635866		1766
941		2230		636350		1766
942		2230		636834		1766
943		2230		637318		1766
944		2230		637802		1766
945		2230		638286		1766
946		2230		638770		1766
947		2230		639254		1766
948		2230		639738		1766
949		2230		640222		1766
950		2230		640706		1766
951		2230		641190		1766
952		2230		641674		1766
953		2230		642158		1766
954		2230		642642		1766
955		2230		643126		1766
956		2230		643610		1766
957		2230		644094		1766
958		2230		644578		1766
959		2230		645062		1766
960		2230		645546		1766
961		2230		646030		1766
962		2230		646514		1766
963		2230		646998		1766
964		2230		647482		1766
965		2230		647966		1766
966		2230		648450		1766
967		2230		648934		1766
968		2230		649418		1766
969		2230		649902		1766
970		2230		650386		1766
971		2230		650870		1766
972		2230		651354		1766
973		2230		651838		1766
974		2230		652322		1766
975		2230		652806		1766
976		2230		653290		1766
977		2230		653774		1766
978		2230		654258		1766
979		2230		654742		1766
980		2230		655226		1766
981		2230		655710		1766
982		2230		656194		1766
983		2230		656678		1766
984		2230		657162		1766
985		2230		657646		1766
986		2230		658130		1766
987		2230		658614		1766
988		2230		659098		1766
989		2230		659582		1766
990		2230		660066		1766
991		2230		660550		1766
992		2230		661034		1766
993		2230		661518		1766
994		2230		662002		1766
995		2230		662486		1766
996		2230		662970		1766
997		2230		663454		1766
998		2230		663938		1766
999		2230		664422		1766
